                                                
 Alfa =   2.00000 Re =  1110808.125 Xflap,Yflap =     0.000000    0.000000
#    x        y        Cp  
   1.00000  0.00170  0.01565
   0.99975  0.00174  0.01635
   0.99899  0.00186  0.01679
   0.99774  0.00206  0.01644
   0.99598  0.00234  0.01522
   0.99372  0.00270  0.01249
   0.99096  0.00314  0.00899
   0.98772  0.00365  0.00445
   0.98397  0.00425 -0.00125
   0.97975  0.00491 -0.00743
   0.97504  0.00566 -0.01447
   0.96985  0.00647 -0.02241
   0.96418  0.00735 -0.03027
   0.95805  0.00830 -0.03922
   0.95146  0.00932 -0.04798
   0.94442  0.01040 -0.05750
   0.93693  0.01154 -0.06714
   0.92899  0.01274 -0.07665
   0.92063  0.01400 -0.08687
   0.91184  0.01531 -0.09690
   0.90264  0.01667 -0.10746
   0.89303  0.01808 -0.11772
   0.88302  0.01953 -0.12864
   0.87263  0.02102 -0.13940
   0.86187  0.02254 -0.15003
   0.85074  0.02410 -0.16098
   0.83926  0.02569 -0.17184
   0.82743  0.02731 -0.18334
   0.81528  0.02894 -0.19413
   0.80281  0.03060 -0.20624
   0.79003  0.03226 -0.21731
   0.77696  0.03394 -0.22836
   0.76361  0.03562 -0.24028
   0.75000  0.03730 -0.25221
   0.73614  0.03898 -0.26387
   0.72203  0.04065 -0.27632
   0.70771  0.04231 -0.28695
   0.69317  0.04395 -0.29954
   0.67844  0.04557 -0.31104
   0.66354  0.04717 -0.32354
   0.64846  0.04873 -0.33596
   0.63324  0.05026 -0.34629
   0.61788  0.05175 -0.36042
   0.60240  0.05320 -0.37221
   0.58683  0.05460 -0.38293
   0.57116  0.05595 -0.39601
   0.55542  0.05724 -0.40587
   0.53963  0.05848 -0.41683
   0.52379  0.05965 -0.42783
   0.50794  0.06075 -0.43778
   0.49207  0.06178 -0.45047
   0.47621  0.06274 -0.45884
   0.46038  0.06362 -0.49350
   0.44458  0.06442 -0.53816
   0.42885  0.06513 -0.55001
   0.41318  0.06575 -0.55836
   0.39760  0.06629 -0.56846
   0.38212  0.06673 -0.58077
   0.36677  0.06708 -0.59226
   0.35154  0.06732 -0.60624
   0.33647  0.06747 -0.61802
   0.32156  0.06752 -0.63373
   0.30683  0.06746 -0.64668
   0.29229  0.06730 -0.66435
   0.27797  0.06703 -0.67787
   0.26387  0.06665 -0.69185
   0.25000  0.06617 -0.70409
   0.23639  0.06558 -0.72134
   0.22304  0.06488 -0.73921
   0.20998  0.06407 -0.74862
   0.19720  0.06315 -0.76879
   0.18473  0.06213 -0.78864
   0.17257  0.06100 -0.79835
   0.16075  0.05976 -0.81968
   0.14927  0.05842 -0.83327
   0.13814  0.05698 -0.84784
   0.12737  0.05544 -0.86706
   0.11698  0.05380 -0.88085
   0.10698  0.05206 -0.89403
   0.09737  0.05023 -0.91074
   0.08817  0.04830 -0.93003
   0.07938  0.04629 -0.94011
   0.07101  0.04420 -0.96602
   0.06308  0.04202 -0.98029
   0.05559  0.03977 -0.96866
   0.04854  0.03744 -1.00567
   0.04195  0.03505 -1.00321
   0.03582  0.03258 -1.00954
   0.03016  0.03006 -0.99689
   0.02497  0.02748 -0.97454
   0.02026  0.02485 -0.96926
   0.01603  0.02217 -0.94815
   0.01229  0.01946 -0.84853
   0.00904  0.01670 -0.73808
   0.00629  0.01391 -0.61269
   0.00403  0.01110 -0.44467
   0.00227  0.00827 -0.14524
   0.00101  0.00542  0.16314
   0.00026  0.00256  0.47172
   0.00000 -0.00030  0.77064
   0.00026 -0.00218  0.92750
   0.00101 -0.00405  0.99927
   0.00227 -0.00591  0.94809
   0.00403 -0.00774  0.86773
   0.00629 -0.00954  0.71691
   0.00904 -0.01129  0.60884
   0.01229 -0.01300  0.47756
   0.01603 -0.01466  0.43168
   0.02026 -0.01625  0.35316
   0.02497 -0.01777  0.25605
   0.03016 -0.01922  0.23235
   0.03582 -0.02058  0.17369
   0.04195 -0.02186  0.13990
   0.04854 -0.02304  0.12407
   0.05559 -0.02412  0.07036
   0.06308 -0.02511  0.05529
   0.07101 -0.02599  0.05628
   0.07938 -0.02676  0.01800
   0.08817 -0.02742  0.01209
   0.09737 -0.02797  0.00531
   0.10698 -0.02840 -0.00205
   0.11698 -0.02872 -0.00230
   0.12737 -0.02893 -0.00207
   0.13814 -0.02902 -0.00749
   0.14927 -0.02900 -0.00469
   0.16075 -0.02887 -0.00561
   0.17257 -0.02863 -0.00118
   0.18473 -0.02829  0.00315
   0.19720 -0.02784  0.01003
   0.20998 -0.02730  0.01429
   0.22304 -0.02666  0.01879
   0.23639 -0.02593  0.02704
   0.25000 -0.02511  0.03584
   0.26387 -0.02422  0.04038
   0.27797 -0.02326  0.04660
   0.29229 -0.02222  0.06034
   0.30683 -0.02113  0.06531
   0.32156 -0.01999  0.07412
   0.33647 -0.01879  0.08202
   0.35154 -0.01756  0.09123
   0.36677 -0.01630  0.09838
   0.38212 -0.01501  0.10714
   0.39760 -0.01371  0.11539
   0.41318 -0.01239  0.12371
   0.42885 -0.01107  0.13100
   0.44458 -0.00976  0.13819
   0.46038 -0.00845  0.14581
   0.47621 -0.00717  0.15216
   0.49207 -0.00590  0.15920
   0.50794 -0.00467  0.16510
   0.52379 -0.00347  0.17142
   0.53963 -0.00232  0.17659
   0.55542 -0.00121  0.18164
   0.57116 -0.00015  0.18652
   0.58683  0.00085  0.19014
   0.60240  0.00179  0.19330
   0.61788  0.00267  0.19509
   0.63324  0.00348  0.21273
   0.64846  0.00422  0.22825
   0.66354  0.00489  0.23553
   0.67844  0.00549  0.23810
   0.69317  0.00601  0.24029
   0.70771  0.00646  0.24000
   0.72203  0.00683  0.24026
   0.73614  0.00713  0.24119
   0.75000  0.00736  0.24042
   0.76361  0.00751  0.24106
   0.77696  0.00760  0.23974
   0.79003  0.00762  0.23966
   0.80281  0.00757  0.23835
   0.81528  0.00746  0.23696
   0.82743  0.00729  0.23523
   0.83926  0.00707  0.23342
   0.85074  0.00679  0.23044
   0.86187  0.00647  0.22773
   0.87263  0.00611  0.22418
   0.88302  0.00572  0.22123
   0.89303  0.00529  0.21711
   0.90264  0.00483  0.21282
   0.91184  0.00435  0.20819
   0.92063  0.00386  0.20312
   0.92899  0.00336  0.19732
   0.93693  0.00285  0.19154
   0.94442  0.00234  0.18572
   0.95146  0.00184  0.17839
   0.95805  0.00135  0.17170
   0.96418  0.00087  0.16402
   0.96985  0.00041  0.15632
   0.97504 -0.00002  0.14753
   0.97975 -0.00043  0.13838
   0.98397 -0.00080  0.12831
   0.98772 -0.00114  0.11832
   0.99096 -0.00144  0.10579
   0.99372 -0.00170  0.09351
   0.99598 -0.00191  0.07839
   0.99774 -0.00208  0.06224
   0.99899 -0.00221  0.04226
   0.99975 -0.00228  0.02478
   1.00000 -0.00230  0.01565
