                                                
 Alfa =   8.00000 Re =  1666212.125 Xflap,Yflap =     0.000000    0.000000
#    x        y        Cp  
   1.00000  0.00170  0.03596
   0.99975  0.00174  0.03562
   0.99899  0.00186  0.03433
   0.99774  0.00206  0.03215
   0.99598  0.00234  0.02915
   0.99372  0.00270  0.02515
   0.99096  0.00314  0.02040
   0.98772  0.00365  0.01480
   0.98397  0.00425  0.00825
   0.97975  0.00491  0.00094
   0.97504  0.00566 -0.00720
   0.96985  0.00647 -0.01626
   0.96418  0.00735 -0.02575
   0.95805  0.00830 -0.03624
   0.95146  0.00932 -0.04716
   0.94442  0.01040 -0.05882
   0.93693  0.01154 -0.07107
   0.92899  0.01274 -0.08356
   0.92063  0.01400 -0.09692
   0.91184  0.01531 -0.11048
   0.90264  0.01667 -0.12471
   0.89303  0.01808 -0.13910
   0.88302  0.01953 -0.15404
   0.87263  0.02102 -0.16926
   0.86187  0.02254 -0.18465
   0.85074  0.02410 -0.20046
   0.83926  0.02569 -0.21656
   0.82743  0.02731 -0.23314
   0.81528  0.02894 -0.24968
   0.80281  0.03060 -0.26694
   0.79003  0.03226 -0.28400
   0.77696  0.03394 -0.30169
   0.76361  0.03562 -0.31923
   0.75000  0.03730 -0.33764
   0.73614  0.03898 -0.35602
   0.72203  0.04065 -0.37468
   0.70771  0.04231 -0.39366
   0.69317  0.04395 -0.41309
   0.67844  0.04557 -0.43221
   0.66354  0.04717 -0.45334
   0.64846  0.04873 -0.47263
   0.63324  0.05026 -0.49412
   0.61788  0.05175 -0.51471
   0.60240  0.05320 -0.53646
   0.58683  0.05460 -0.55815
   0.57116  0.05595 -0.58111
   0.55542  0.05724 -0.60385
   0.53963  0.05848 -0.62575
   0.52379  0.05965 -0.65076
   0.50794  0.06075 -0.67416
   0.49207  0.06178 -0.70133
   0.47621  0.06274 -0.72350
   0.46038  0.06362 -0.74980
   0.44458  0.06442 -0.77880
   0.42885  0.06513 -0.80577
   0.41318  0.06575 -0.83122
   0.39760  0.06629 -0.86274
   0.38212  0.06673 -0.89412
   0.36677  0.06708 -0.91653
   0.35154  0.06732 -0.95431
   0.33647  0.06747 -0.98276
   0.32156  0.06752 -1.01887
   0.30683  0.06746 -1.05318
   0.29229  0.06730 -1.08581
   0.27797  0.06703 -1.12693
   0.26387  0.06665 -1.16390
   0.25000  0.06617 -1.19919
   0.23639  0.06558 -1.24362
   0.22304  0.06488 -1.28801
   0.20998  0.06407 -1.32487
   0.19720  0.06315 -1.38240
   0.18473  0.06213 -1.41864
   0.17257  0.06100 -1.48487
   0.16075  0.05976 -1.52355
   0.14927  0.05842 -1.59644
   0.13814  0.05698 -1.65221
   0.12737  0.05544 -1.71205
   0.11698  0.05380 -1.79005
   0.10698  0.05206 -1.84655
   0.09737  0.05023 -1.93612
   0.08817  0.04830 -2.01559
   0.07938  0.04629 -2.10633
   0.07101  0.04420 -2.19418
   0.06308  0.04202 -2.30662
   0.05559  0.03977 -2.39271
   0.04854  0.03744 -2.50210
   0.04195  0.03505 -2.64496
   0.03582  0.03258 -3.00859
   0.03016  0.03006 -3.18661
   0.02497  0.02748 -3.30808
   0.02026  0.02485 -3.45465
   0.01603  0.02217 -3.63309
   0.01229  0.01946 -3.83388
   0.00904  0.01670 -4.03943
   0.00629  0.01391 -4.21155
   0.00403  0.01110 -4.33903
   0.00227  0.00827 -4.26319
   0.00101  0.00542 -3.96675
   0.00026  0.00256 -3.59376
   0.00000 -0.00030 -3.30261
   0.00026 -0.00218 -2.66561
   0.00101 -0.00405 -1.44256
   0.00227 -0.00591 -0.40664
   0.00403 -0.00774  0.23140
   0.00629 -0.00954  0.67878
   0.00904 -0.01129  0.85803
   0.01229 -0.01300  0.96410
   0.01603 -0.01466  0.99914
   0.02026 -0.01625  0.99359
   0.02497 -0.01777  0.96253
   0.03016 -0.01922  0.93256
   0.03582 -0.02058  0.88021
   0.04195 -0.02186  0.84061
   0.04854 -0.02304  0.79044
   0.05559 -0.02412  0.74701
   0.06308 -0.02511  0.70236
   0.07101 -0.02599  0.67021
   0.07938 -0.02676  0.62704
   0.08817 -0.02742  0.59624
   0.09737 -0.02797  0.56502
   0.10698 -0.02840  0.53720
   0.11698 -0.02872  0.51132
   0.12737 -0.02893  0.49140
   0.13814 -0.02902  0.46943
   0.14927 -0.02900  0.45057
   0.16075 -0.02887  0.43190
   0.17257 -0.02863  0.42043
   0.18473 -0.02829  0.40492
   0.19720 -0.02784  0.39578
   0.20998 -0.02730  0.38539
   0.22304 -0.02666  0.37564
   0.23639 -0.02593  0.36787
   0.25000 -0.02511  0.36273
   0.26387 -0.02422  0.35621
   0.27797 -0.02326  0.35170
   0.29229 -0.02222  0.34820
   0.30683 -0.02113  0.34503
   0.32156 -0.01999  0.34344
   0.33647 -0.01879  0.33933
   0.35154 -0.01756  0.34058
   0.36677 -0.01630  0.33766
   0.38212 -0.01501  0.33779
   0.39760 -0.01371  0.33644
   0.41318 -0.01239  0.33778
   0.42885 -0.01107  0.33704
   0.44458 -0.00976  0.33768
   0.46038 -0.00845  0.33925
   0.47621 -0.00717  0.33798
   0.49207 -0.00590  0.33930
   0.50794 -0.00467  0.33930
   0.52379 -0.00347  0.34092
   0.53963 -0.00232  0.34066
   0.55542 -0.00121  0.34183
   0.57116 -0.00015  0.34207
   0.58683  0.00085  0.34192
   0.60240  0.00179  0.34236
   0.61788  0.00267  0.34226
   0.63324  0.00348  0.34195
   0.64846  0.00422  0.34185
   0.66354  0.00489  0.34138
   0.67844  0.00549  0.34000
   0.69317  0.00601  0.33936
   0.70771  0.00646  0.33787
   0.72203  0.00683  0.33603
   0.73614  0.00713  0.33447
   0.75000  0.00736  0.33214
   0.76361  0.00751  0.33002
   0.77696  0.00760  0.32685
   0.79003  0.00762  0.32426
   0.80281  0.00757  0.32053
   0.81528  0.00746  0.31714
   0.82743  0.00729  0.31274
   0.83926  0.00707  0.30868
   0.85074  0.00679  0.30367
   0.86187  0.00647  0.29857
   0.87263  0.00611  0.29288
   0.88302  0.00572  0.28753
   0.89303  0.00529  0.28106
   0.90264  0.00483  0.27458
   0.91184  0.00435  0.26756
   0.92063  0.00386  0.26030
   0.92899  0.00336  0.25228
   0.93693  0.00285  0.24416
   0.94442  0.00234  0.23616
   0.95146  0.00184  0.22625
   0.95805  0.00135  0.21737
   0.96418  0.00087  0.20745
   0.96985  0.00041  0.19767
   0.97504 -0.00002  0.18663
   0.97975 -0.00043  0.17526
   0.98397 -0.00080  0.16340
   0.98772 -0.00114  0.15147
   0.99096 -0.00144  0.13754
   0.99372 -0.00170  0.12361
   0.99598 -0.00191  0.10679
   0.99774 -0.00208  0.08969
   0.99899 -0.00221  0.06629
   0.99975 -0.00228  0.04805
   1.00000 -0.00230  0.03596
