                                                
 Alfa =   8.40000 Re =  1666212.125 Xflap,Yflap =     0.000000    0.000000
#    x        y        Cp  
   1.00000  0.00170  0.03655
   0.99975  0.00174  0.03618
   0.99899  0.00186  0.03490
   0.99774  0.00206  0.03272
   0.99598  0.00234  0.02974
   0.99372  0.00270  0.02581
   0.99096  0.00314  0.02108
   0.98772  0.00365  0.01555
   0.98397  0.00425  0.00908
   0.97975  0.00491  0.00187
   0.97504  0.00566 -0.00621
   0.96985  0.00647 -0.01519
   0.96418  0.00735 -0.02466
   0.95805  0.00830 -0.03509
   0.95146  0.00932 -0.04603
   0.94442  0.01040 -0.05770
   0.93693  0.01154 -0.06998
   0.92899  0.01274 -0.08254
   0.92063  0.01400 -0.09602
   0.91184  0.01531 -0.10972
   0.90264  0.01667 -0.12410
   0.89303  0.01808 -0.13868
   0.88302  0.01953 -0.15378
   0.87263  0.02102 -0.16931
   0.86187  0.02254 -0.18489
   0.85074  0.02410 -0.20108
   0.83926  0.02569 -0.21749
   0.82743  0.02731 -0.23431
   0.81528  0.02894 -0.25128
   0.80281  0.03060 -0.26888
   0.79003  0.03226 -0.28649
   0.77696  0.03394 -0.30416
   0.76361  0.03562 -0.32242
   0.75000  0.03730 -0.34110
   0.73614  0.03898 -0.36033
   0.72203  0.04065 -0.37911
   0.70771  0.04231 -0.39880
   0.69317  0.04395 -0.41789
   0.67844  0.04557 -0.43848
   0.66354  0.04717 -0.45952
   0.64846  0.04873 -0.47960
   0.63324  0.05026 -0.50135
   0.61788  0.05175 -0.52320
   0.60240  0.05320 -0.54486
   0.58683  0.05460 -0.56742
   0.57116  0.05595 -0.59088
   0.55542  0.05724 -0.61400
   0.53963  0.05848 -0.63833
   0.52379  0.05965 -0.66274
   0.50794  0.06075 -0.68669
   0.49207  0.06178 -0.71390
   0.47621  0.06274 -0.73907
   0.46038  0.06362 -0.76586
   0.44458  0.06442 -0.79419
   0.42885  0.06513 -0.82175
   0.41318  0.06575 -0.85103
   0.39760  0.06629 -0.87983
   0.38212  0.06673 -0.91257
   0.36677  0.06708 -0.93953
   0.35154  0.06732 -0.97643
   0.33647  0.06747 -1.00725
   0.32156  0.06752 -1.04625
   0.30683  0.06746 -1.07748
   0.29229  0.06730 -1.11634
   0.27797  0.06703 -1.15350
   0.26387  0.06665 -1.19041
   0.25000  0.06617 -1.23702
   0.23639  0.06558 -1.27745
   0.22304  0.06488 -1.32302
   0.20998  0.06407 -1.36604
   0.19720  0.06315 -1.41895
   0.18473  0.06213 -1.47061
   0.17257  0.06100 -1.52479
   0.16075  0.05976 -1.57978
   0.14927  0.05842 -1.64503
   0.13814  0.05698 -1.70827
   0.12737  0.05544 -1.78091
   0.11698  0.05380 -1.83814
   0.10698  0.05206 -1.92199
   0.09737  0.05023 -2.00728
   0.08817  0.04830 -2.09944
   0.07938  0.04629 -2.18426
   0.07101  0.04420 -2.30365
   0.06308  0.04202 -2.39786
   0.05559  0.03977 -2.52485
   0.04854  0.03744 -2.62348
   0.04195  0.03505 -2.77353
   0.03582  0.03258 -2.93456
   0.03016  0.03006 -3.42170
   0.02497  0.02748 -3.54154
   0.02026  0.02485 -3.68393
   0.01603  0.02217 -3.86193
   0.01229  0.01946 -4.07708
   0.00904  0.01670 -4.30367
   0.00629  0.01391 -4.51430
   0.00403  0.01110 -4.65804
   0.00227  0.00827 -4.60722
   0.00101  0.00542 -4.41095
   0.00026  0.00256 -3.94019
   0.00000 -0.00030 -3.73748
   0.00026 -0.00218 -3.18142
   0.00101 -0.00405 -1.72038
   0.00227 -0.00591 -0.64453
   0.00403 -0.00774  0.09283
   0.00629 -0.00954  0.58069
   0.00904 -0.01129  0.81286
   0.01229 -0.01300  0.93720
   0.01603 -0.01466  0.99288
   0.02026 -0.01625  0.99864
   0.02497 -0.01777  0.97985
   0.03016 -0.01922  0.94793
   0.03582 -0.02058  0.90713
   0.04195 -0.02186  0.86284
   0.04854 -0.02304  0.82207
   0.05559 -0.02412  0.77338
   0.06308 -0.02511  0.73477
   0.07101 -0.02599  0.69862
   0.07938 -0.02676  0.65828
   0.08817 -0.02742  0.62380
   0.09737 -0.02797  0.59725
   0.10698 -0.02840  0.56413
   0.11698 -0.02872  0.54264
   0.12737 -0.02893  0.51356
   0.13814 -0.02902  0.49551
   0.14927 -0.02900  0.47890
   0.16075 -0.02887  0.45597
   0.17257 -0.02863  0.44310
   0.18473 -0.02829  0.42809
   0.19720 -0.02784  0.41869
   0.20998 -0.02730  0.40644
   0.22304 -0.02666  0.39676
   0.23639 -0.02593  0.38821
   0.25000 -0.02511  0.38193
   0.26387 -0.02422  0.37550
   0.27797 -0.02326  0.36834
   0.29229 -0.02222  0.36721
   0.30683 -0.02113  0.36131
   0.32156 -0.01999  0.35942
   0.33647 -0.01879  0.35621
   0.35154 -0.01756  0.35392
   0.36677 -0.01630  0.35268
   0.38212 -0.01501  0.35229
   0.39760 -0.01371  0.35039
   0.41318 -0.01239  0.35041
   0.42885 -0.01107  0.35060
   0.44458 -0.00976  0.35005
   0.46038 -0.00845  0.35048
   0.47621 -0.00717  0.34956
   0.49207 -0.00590  0.35080
   0.50794 -0.00467  0.35022
   0.52379 -0.00347  0.35103
   0.53963 -0.00232  0.35140
   0.55542 -0.00121  0.35128
   0.57116 -0.00015  0.35119
   0.58683  0.00085  0.35112
   0.60240  0.00179  0.35148
   0.61788  0.00267  0.35077
   0.63324  0.00348  0.35040
   0.64846  0.00422  0.34985
   0.66354  0.00489  0.34896
   0.67844  0.00549  0.34774
   0.69317  0.00601  0.34663
   0.70771  0.00646  0.34508
   0.72203  0.00683  0.34291
   0.73614  0.00713  0.34128
   0.75000  0.00736  0.33848
   0.76361  0.00751  0.33617
   0.77696  0.00760  0.33296
   0.79003  0.00762  0.32998
   0.80281  0.00757  0.32617
   0.81528  0.00746  0.32262
   0.82743  0.00729  0.31800
   0.83926  0.00707  0.31381
   0.85074  0.00679  0.30854
   0.86187  0.00647  0.30330
   0.87263  0.00611  0.29742
   0.88302  0.00572  0.29198
   0.89303  0.00529  0.28525
   0.90264  0.00483  0.27856
   0.91184  0.00435  0.27138
   0.92063  0.00386  0.26397
   0.92899  0.00336  0.25570
   0.93693  0.00285  0.24748
   0.94442  0.00234  0.23921
   0.95146  0.00184  0.22922
   0.95805  0.00135  0.21996
   0.96418  0.00087  0.21006
   0.96985  0.00041  0.20008
   0.97504 -0.00002  0.18884
   0.97975 -0.00043  0.17723
   0.98397 -0.00080  0.16516
   0.98772 -0.00114  0.15305
   0.99096 -0.00144  0.13905
   0.99372 -0.00170  0.12494
   0.99598 -0.00191  0.10804
   0.99774 -0.00208  0.09053
   0.99899 -0.00221  0.06712
   0.99975 -0.00228  0.04871
   1.00000 -0.00230  0.03655
