0
0.15 0.0195505
0.13318 0.0211053
1
0.2925 0.0195505
0.30921 0.0220223
2
0.2925 0.0195505
0.296075 0.0360599
3
0.13318 0.0211053
0.116334 0.0223611
4
0.30921 0.0220223
0.325912 0.0245507
5
0.13318 0.0211053
0.135091 0.0378888
6
0.30921 0.0220223
0.310477 0.00517784
7
0.296075 0.0360599
0.304213 0.0508622
8
0.116334 0.0223611
0.0994448 0.0220803
9
0.325912 0.0245507
0.342684 0.0265578
10
0.116334 0.0223611
0.10978 0.00679254
11
0.325912 0.0245507
0.328998 0.0411584
12
0.135091 0.0378888
0.127368 0.055742
13
0.310477 0.00517784
0.31633 -0.0106676
14
0.304213 0.0508622
0.320342 0.0558805
15
0.0994448 0.0220803
0.0826604 0.0201769
16
0.342684 0.0265578
0.359478 0.0283748
17
0.135091 0.0378888
0.145775 0.0509728
18
0.310477 0.00517784
0.29653 -0.00435253
19
0.0994448 0.0220803
0.0979281 0.0389041
20
0.342684 0.0265578
0.345403 0.00988604
21
0.10978 0.00679254
0.110241 -0.0100932
22
0.328998 0.0411584
0.341949 0.0520034
23
0.127368 0.055742
0.106973 0.052363
24
0.31633 -0.0106676
0.332433 -0.0055661
25
0.320342 0.0558805
0.336466 0.067775
26
0.0826604 0.0201769
0.0658922 0.0181352
27
0.359478 0.0283748
0.376299 0.029922
28
0.10978 0.00679254
0.101075 -0.00768336
29
0.0826604 0.0201769
0.074611 0.00532606
30
0.359478 0.0283748
0.369623 0.0148685
31
0.0979281 0.0389041
0.079373 0.046598
32
0.345403 0.00988604
0.360772 0.00287753
33
0.110241 -0.0100932
0.0948326 -0.0170164
34
0.341949 0.0520034
0.3578 0.0578423
35
0.332433 -0.0055661
0.35154 -0.017261
36
0.336466 0.067775
0.35154 0.067628
37
0.0658922 0.0181352
0.0494746 0.0141599
38
0.376299 0.029922
0.393139 0.031244
39
0.110241 -0.0100932
0.127091 -0.0112733
40
0.0658922 0.0181352
0.055582 0.040074
41
0.376299 0.029922
0.379568 0.0464948
42
0.074611 0.00532606
0.0650699 -0.00861335
43
0.369623 0.0148685
0.382672 0.00414204
44
0.079373 0.046598
0.063075 0.042327
45
0.360772 0.00287753
0.376181 -0.00404399
46
0.0948326 -0.0170164
0.079373 -0.026456
47
0.3578 0.0578423
0.374619 0.0594132
48
0.0494746 0.0141599
0.0330528 0.0102022
49
0.393139 0.031244
0.409992 0.032397
50
0.393139 0.031244
0.406636 0.0210867
51
0.127091 -0.0112733
0.140477 -0.000969076
52
0.379568 0.0464948
0.394517 0.0543587
53
0.0650699 -0.00861335
0.048239 -0.0100485
54
0.382672 0.00414204
0.399433 0.00203809
55
0.374619 0.0594132
0.397597 0.066594
56
0.0330528 0.0102022
0.0174921 0.00362923
57
0.409992 0.032397
0.426859 0.0333166
58
0.409992 0.032397
0.415147 0.0484832
59
0.406636 0.0210867
0.420164 0.0109705
60
0.394517 0.0543587
0.411408 0.0541589
61
0.399433 0.00203809
0.41626 0.000557863
62
0.397597 0.066594
0.413176 0.066059
63
0.426859 0.0333166
0.443737 0.0340091
64
0.415147 0.0484832
0.430754 0.0549461
65
0.420164 0.0109705
0.436148 0.00550511
66
0.41626 0.000557863
0.432853 -0.00260463
67
0.413176 0.066059
0.428843 0.065435
68
0.443737 0.0340091
0.46062 0.0345436
69
0.443737 0.0340091
0.450101 0.0496562
70
0.430754 0.0549461
0.444581 0.064722
71
0.436148 0.00550511
0.452936 0.00363393
72
0.46062 0.0345436
0.477509 0.0349034
73
0.450101 0.0496562
0.46514 0.057349
74
0.452936 0.00363393
0.469826 0.00340293
75
0.477509 0.0349034
0.4944 0.035087
76
0.477509 0.0349034
0.483628 0.0506481
77
0.46514 0.057349
0.476209 0.063045
78
0.469826 0.00340293
0.486713 0.00383717
79
0.4944 0.035087
0.511292 0.0351264
80
0.483628 0.0506481
0.499479 0.0564848
81
0.486713 0.00383717
0.503568 0.00495329
82
0.511292 0.0351264
0.528183 0.0350337
83
0.511292 0.0351264
0.518018 0.0506215
84
0.499479 0.0564848
0.516371 0.0565025
85
0.503568 0.00495329
0.520441 0.00574022
86
0.528183 0.0350337
0.545074 0.0348443
87
0.518018 0.0506215
0.539625 0.058782
88
0.520441 0.00574022
0.537302 0.00676999
89
0.545074 0.0348443
0.561963 0.0345373
90
0.539625 0.058782
0.555419 0.057548
91
0.537302 0.00676999
0.554139 0.00812959
92
0.561963 0.0345373
0.57885 0.034101
93
0.555419 0.057548
0.571157 0.056254
94
0.554139 0.00812959
0.57103 0.00827821
95
0.57885 0.034101
0.595733 0.0335554
96
0.571157 0.056254
0.586824 0.054905
97
0.57103 0.00827821
0.586824 0.001155
98
0.595733 0.0335554
0.612612 0.0328854
99
0.595733 0.0335554
0.601655 0.0177354
100
0.586824 0.054905
0.602403 0.053504
101
0.586824 0.001155
0.602403 0.002096
102
0.612612 0.0328854
0.622601 0.0324157
103
0.601655 0.0177354
0.611077 0.0143856
104
0.602403 0.002096
0.617879 0.002973
105
0.622601 0.0324157
0.63259 0.0319559
106
0.617879 0.002973
0.633237 0.003783
107
0.63259 0.0319559
0.642579 0.0314863
108
0.633237 0.003783
0.64846 0.004525
109
0.642579 0.0314863
0.652569 0.0310481
110
0.64846 0.004525
0.663534 0.005195
111
0.652569 0.0310481
0.662563 0.0306848
112
0.663534 0.005195
0.678443 0.005792
113
0.662563 0.0306848
0.672562 0.0307853
114
0.678443 0.005792
0.693173 0.006315
115
0.672562 0.0307853
0.682519 0.0317172
116
0.693173 0.006315
0.707708 0.006763
117
0.682519 0.0317172
0.692414 0.0331644
118
0.707708 0.006763
0.722033 0.007137
119
0.692414 0.0331644
0.702383 0.0339427
120
0.722033 0.007137
0.736136 0.007437
121
0.702383 0.0339427
0.712375 0.034338
122
0.736136 0.007437
0.75 0.007664
123
0.712375 0.034338
0.722033 0.040956
124
0.736136 0.007437
0.738062 0.0172497
125
0.75 0.007664
0.763613 0.007818
126
0.722033 0.040956
0.736136 0.039286
127
0.75 0.007664
0.753168 0.0171491
128
0.738062 0.0172497
0.746419 0.0227428
129
0.763613 0.007818
0.77696 0.007903
130
0.736136 0.039286
0.75 0.037608
131
0.753168 0.0171491
0.7614 0.0228266
132
0.77696 0.007903
0.790028 0.00792
133
0.75 0.037608
0.763613 0.035926
134
0.77696 0.007903
0.779513 0.0175716
135
0.790028 0.00792
0.802805 0.007872
136
0.763613 0.035926
0.77696 0.034245
137
0.779513 0.0175716
0.788072 0.0227431
138
0.802805 0.007872
0.815276 0.007762
139
0.77696 0.034245
0.790028 0.032569
140
0.815276 0.007762
0.82743 0.007594
141
0.790028 0.032569
0.802805 0.030902
142
0.82743 0.007594
0.839255 0.007371
143
0.802805 0.030902
0.815276 0.029248
144
0.839255 0.007371
0.850737 0.007098
145
0.850737 0.007098
0.861867 0.006778
146
0.861867 0.006778
0.872632 0.006417
147
0.872632 0.006417
0.883022 0.00602
148
0.883022 0.00602
0.893027 0.005591
149
0.893027 0.005591
0.902635 0.005136
150
0.902635 0.005136
0.911838 0.004659
151
0.911838 0.004659
0.920627 0.004167
152
0.920627 0.004167
0.928992 0.013048
153
0.928992 0.013048
0.936925 0.011847
154
0.936925 0.011847
0.944418 0.010705
155
0.2925 0.0195505
0.13318 0.0211053
156
0.30921 0.0220223
0.296075 0.0360599
157
0.13318 0.0211053
0.0994448 0.0220803
158
0.296075 0.0360599
0.30921 0.0220223
159
0.116334 0.0223611
0.135091 0.0378888
160
0.325912 0.0245507
0.310477 0.00517784
161
0.310477 0.00517784
0.2925 0.0195505
162
0.304213 0.0508622
0.328998 0.0411584
163
0.0994448 0.0220803
0.10978 0.00679254
164
0.342684 0.0265578
0.328998 0.0411584
165
0.10978 0.00679254
0.0994448 0.0220803
166
0.328998 0.0411584
0.320342 0.0558805
167
0.127368 0.055742
0.145775 0.0509728
168
0.31633 -0.0106676
0.29653 -0.00435253
169
0.320342 0.0558805
0.328998 0.0411584
170
0.0826604 0.0201769
0.0979281 0.0389041
171
0.359478 0.0283748
0.345403 0.00988604
172
0.0979281 0.0389041
0.106973 0.052363
173
0.345403 0.00988604
0.332433 -0.0055661
174
0.110241 -0.0100932
0.101075 -0.00768336
175
0.341949 0.0520034
0.336466 0.067775
176
0.332433 -0.0055661
0.345403 0.00988604
177
0.336466 0.067775
0.341949 0.0520034
178
0.0658922 0.0181352
0.074611 0.00532606
179
0.376299 0.029922
0.369623 0.0148685
180
0.074611 0.00532606
0.0658922 0.0181352
181
0.369623 0.0148685
0.360772 0.00287753
182
0.079373 0.046598
0.055582 0.040074
183
0.360772 0.00287753
0.369623 0.0148685
184
0.0948326 -0.0170164
0.101075 -0.00768336
185
0.3578 0.0578423
0.35154 0.067628
186
0.0494746 0.0141599
0.055582 0.040074
187
0.393139 0.031244
0.379568 0.0464948
188
0.127091 -0.0112733
0.10978 0.00679254
189
0.379568 0.0464948
0.374619 0.0594132
190
0.0650699 -0.00861335
0.079373 -0.026456
191
0.382672 0.00414204
0.376181 -0.00404399
192
0.374619 0.0594132
0.379568 0.0464948
193
0.0330528 0.0102022
0.048239 -0.0100485
194
0.409992 0.032397
0.406636 0.0210867
195
0.406636 0.0210867
0.409992 0.032397
196
0.394517 0.0543587
0.397597 0.066594
197
0.399433 0.00203809
0.406636 0.0210867
198
0.397597 0.066594
0.394517 0.0543587
199
0.426859 0.0333166
0.415147 0.0484832
200
0.420164 0.0109705
0.41626 0.000557863
201
0.41626 0.000557863
0.420164 0.0109705
202
0.413176 0.066059
0.411408 0.0541589
203
0.443737 0.0340091
0.430754 0.0549461
204
0.430754 0.0549461
0.428843 0.065435
205
0.46062 0.0345436
0.450101 0.0496562
206
0.450101 0.0496562
0.444581 0.064722
207
0.452936 0.00363393
0.432853 -0.00260463
208
0.477509 0.0349034
0.46514 0.057349
209
0.46514 0.057349
0.483628 0.0506481
210
0.469826 0.00340293
0.477509 0.0349034
211
0.4944 0.035087
0.483628 0.0506481
212
0.483628 0.0506481
0.476209 0.063045
213
0.486713 0.00383717
0.4944 0.035087
214
0.511292 0.0351264
0.499479 0.0564848
215
0.499479 0.0564848
0.518018 0.0506215
216
0.503568 0.00495329
0.511292 0.0351264
217
0.528183 0.0350337
0.518018 0.0506215
218
0.520441 0.00574022
0.528183 0.0350337
219
0.545074 0.0348443
0.539625 0.058782
220
0.539625 0.058782
0.516371 0.0565025
221
0.537302 0.00676999
0.545074 0.0348443
222
0.561963 0.0345373
0.555419 0.057548
223
0.555419 0.057548
0.561963 0.0345373
224
0.554139 0.00812959
0.561963 0.0345373
225
0.57885 0.034101
0.571157 0.056254
226
0.571157 0.056254
0.57885 0.034101
227
0.57103 0.00827821
0.57885 0.034101
228
0.595733 0.0335554
0.586824 0.054905
229
0.586824 0.054905
0.57885 0.034101
230
0.586824 0.001155
0.601655 0.0177354
231
0.612612 0.0328854
0.601655 0.0177354
232
0.601655 0.0177354
0.602403 0.002096
233
0.602403 0.002096
0.611077 0.0143856
234
0.622601 0.0324157
0.611077 0.0143856
235
0.617879 0.002973
0.611077 0.0143856
236
0.63259 0.0319559
0.612612 0.0328854
237
0.633237 0.003783
0.611077 0.0143856
238
0.642579 0.0314863
0.622601 0.0324157
239
0.64846 0.004525
0.652569 0.0310481
240
0.652569 0.0310481
0.63259 0.0319559
241
0.663534 0.005195
0.662563 0.0306848
242
0.662563 0.0306848
0.642579 0.0314863
243
0.678443 0.005792
0.672562 0.0307853
244
0.672562 0.0307853
0.652569 0.0310481
245
0.693173 0.006315
0.692414 0.0331644
246
0.682519 0.0317172
0.662563 0.0306848
247
0.707708 0.006763
0.702383 0.0339427
248
0.692414 0.0331644
0.672562 0.0307853
249
0.722033 0.007137
0.712375 0.034338
250
0.702383 0.0339427
0.682519 0.0317172
251
0.736136 0.007437
0.707708 0.006763
252
0.712375 0.034338
0.692414 0.0331644
253
0.75 0.007664
0.738062 0.0172497
254
0.722033 0.040956
0.702383 0.0339427
255
0.738062 0.0172497
0.753168 0.0171491
256
0.763613 0.007818
0.753168 0.0171491
257
0.736136 0.039286
0.746419 0.0227428
258
0.77696 0.007903
0.7614 0.0228266
259
0.75 0.037608
0.746419 0.0227428
260
0.790028 0.00792
0.779513 0.0175716
261
0.763613 0.035926
0.7614 0.0228266
262
0.779513 0.0175716
0.790028 0.00792
263
0.802805 0.007872
0.788072 0.0227431
264
0.77696 0.034245
0.788072 0.0227431
265
0.815276 0.007762
0.790028 0.00792
266
0.790028 0.032569
0.788072 0.0227431
267
0.82743 0.007594
0.802805 0.007872
268
0.802805 0.030902
0.788072 0.0227431
269
0.839255 0.007371
0.815276 0.007762
270
0.850737 0.007098
0.82743 0.007594
271
0.861867 0.006778
0.839255 0.007371
272
0.872632 0.006417
0.850737 0.007098
273
0.883022 0.00602
0.861867 0.006778
274
0.893027 0.005591
0.872632 0.006417
275
0.902635 0.005136
0.883022 0.00602
276
0.911838 0.004659
0.893027 0.005591
277
0.920627 0.004167
0.902635 0.005136
278
0.928992 0.013048
0.911838 0.004659
279
0.936925 0.011847
0.920627 0.004167
280
0 0
0.0174921 0.00362923
281
1 0.002
0.944418 0.010705
