0.84799	 0.04768	 0.05265	 726.00000	 0.00223
0.33235	 0.02593	 0.03784	 192.00000	 0.00041
0.94159	 0.06428	 0.06703	 367.00000	 0.00041
0.09984	 0.02492	 0.06931	 433.00000	 0.02134
0.38310	 0.02350	 0.02913	 259.00000	 0.02134
0.37253	 0.03077	 0.04891	 742.00000	 0.00059
0.23266	 0.02324	 0.03392	 263.00000	 0.00033
0.42860	 0.02352	 0.02822	 343.00000	 0.00081
0.91640	 0.03542	 0.03683	 210.00000	 0.00048
0.18637	 0.02636	 0.05414	 886.00000	 0.00093
0.67100	 0.04698	 0.06021	 833.00000	 0.00135
0.40587	 0.03886	 0.06647	 979.00000	 0.00135
0.74427	 0.05298	 0.06432	 148.00000	 0.01693
0.76388	 0.04193	 0.04871	 830.00000	 0.00015
0.75107	 0.02873	 0.03162	 263.00000	 0.00066
0.50556	 0.03739	 0.05440	 768.00000	 0.00001
0.90367	 0.02387	 0.02428	 390.00000	 0.00025
0.25004	 0.03096	 0.06385	 246.00000	 0.00057
0.42774	 0.02052	 0.02123	 834.00000	 0.00080
0.51380	 0.02525	 0.03022	 593.00000	 0.00025
0.07432	 0.02385	 0.07178	 779.00000	 0.01440
0.07107	 0.02247	 0.05471	 603.00000	 0.00312
0.20098	 0.02452	 0.04248	 202.00000	 0.00051
0.41354	 0.03635	 0.05953	 360.00000	 0.00214
0.18449	 0.02180	 0.02976	 269.00000	 0.00072
0.58728	 0.03608	 0.04738	 882.00000	 0.00082
0.37728	 0.04054	 0.07445	 319.00000	 0.13358
0.22403	 0.02619	 0.04765	 238.00000	 0.00046
0.44680	 0.02072	 0.02161	 171.00000	 0.00108
0.29505	 0.02412	 0.03396	 709.00000	 0.00038
0.79798	 0.03558	 0.03952	 692.00000	 0.00034
0.02189	 0.02089	 0.06068	 808.00000	 0.00600
0.60315	 0.02849	 0.03407	 526.00000	 0.00051
0.05216	 0.02275	 0.07281	 333.00000	 0.01670
0.66453	 0.04581	 0.05885	 652.00000	 0.00312
0.08667	 0.02429	 0.06950	 966.00000	 0.01113
0.04267	 0.02192	 0.06492	 483.00000	 0.00276
0.63261	 0.04692	 0.06255	 571.00000	 0.00521
0.46269	 0.04079	 0.06493	 225.00000	 0.07758
0.21475	 0.02732	 0.05411	 752.00000	 0.00040
0.18449	 0.02436	 0.04365	 269.00000	 0.00069
0.20098	 0.02204	 0.03018	 202.00000	 0.00090
0.07581	 0.02166	 0.04194	 776.00000	 0.00360
0.20032	 0.03037	 0.07178	 217.00000	 0.07993
0.18852	 0.02262	 0.03390	 263.00000	 0.00061
0.24750	 0.02865	 0.05495	 752.00000	 0.00077
0.67100	 0.04268	 0.05380	 833.00000	 0.00088
0.42774	 0.02042	 0.02098	 834.00000	 0.00064
0.37253	 0.02718	 0.03928	 748.00000	 0.00026
0.79798	 0.04326	 0.04915	 699.00000	 0.00027
0.24984	 0.02866	 0.05467	 752.00000	 0.00077
0.21494	 0.02954	 0.06439	 246.00000	 0.00062
0.71085	 0.04041	 0.04871	 830.00000	 0.00058
0.94159	 0.06428	 0.06703	 367.00000	 0.00058
0.18878	 0.02337	 0.03784	 192.00000	 0.00154
0.32994	 0.03126	 0.05414	 832.00000	 0.00047
0.41354	 0.03249	 0.05020	 386.00000	 0.00039
0.42860	 0.02417	 0.02972	 343.00000	 0.00030
0.65833	 0.03820	 0.04765	 213.00000	 0.00093
0.23023	 0.02894	 0.05885	 676.00000	 0.00081
0.02678	 0.02109	 0.06070	 603.00000	 0.00577
0.90367	 0.02444	 0.02491	 390.00000	 0.00028
0.76726	 0.04215	 0.04887	 830.00000	 0.00012
0.90029	 0.02371	 0.02412	 390.00000	 0.00033
0.45955	 0.02820	 0.03784	 192.00000	 0.00041
0.91525	 0.03540	 0.03683	 210.00000	 0.00122
0.94159	 0.02628	 0.02667	 327.00000	 0.00028
0.23266	 0.03078	 0.06634	 263.00000	 0.01087
0.04267	 0.02191	 0.06478	 500.00000	 0.01134
0.18637	 0.02639	 0.05429	 888.00000	 0.00072
0.50510	 0.04149	 0.06255	 570.00000	 0.00191
0.63306	 0.04223	 0.05511	 768.00000	 0.00226
0.59442	 0.04529	 0.06255	 571.00000	 0.00261
0.50556	 0.03739	 0.05440	 768.00000	 0.00001
0.50877	 0.02423	 0.02832	 206.00000	 0.00040
0.94473	 0.03590	 0.03683	 596.00000	 0.00029
0.21787	 0.02602	 0.04765	 284.00000	 0.00076
0.75723	 0.02813	 0.03074	 293.00000	 0.00038
0.79798	 0.03558	 0.03952	 709.00000	 0.00038
0.29505	 0.02412	 0.03396	 692.00000	 0.00026
0.75757	 0.03436	 0.03895	 382.00000	 0.00031
0.37253	 0.02111	 0.02297	 748.00000	 0.00041
0.23623	 0.02349	 0.03478	 193.00000	 0.00058
0.39973	 0.02713	 0.03784	 262.00000	 0.00038
0.29505	 0.02414	 0.03402	 677.00000	 0.00079
0.90029	 0.02367	 0.02407	 442.00000	 0.00026
0.74622	 0.04065	 0.04767	 203.00000	 0.00321
0.22403	 0.02546	 0.04436	 703.00000	 0.00051
0.73361	 0.04399	 0.05270	 831.00000	 0.00066
0.24840	 0.02714	 0.04875	 784.00000	 0.00051
0.94159	 0.02628	 0.02667	 327.00000	 0.00028
0.90367	 0.02444	 0.02491	 416.00000	 0.00011
0.33597	 0.02706	 0.04100	 192.00000	 0.00062
0.22903	 0.02319	 0.03392	 263.00000	 0.00055
0.76726	 0.04389	 0.05113	 222.00000	 0.01202
0.45955	 0.02820	 0.03784	 836.00000	 0.00030
0.42860	 0.02417	 0.02972	 343.00000	 0.00030
0.50556	 0.03739	 0.05440	 807.00000	 0.00053
0.51380	 0.03726	 0.05358	 518.00000	 0.00072
0.34531	 0.02391	 0.03131	 832.00000	 0.00109
0.94159	 0.03191	 0.03265	 428.00000	 0.00095
0.60315	 0.03031	 0.03709	 526.00000	 0.00033
0.41791	 0.02177	 0.02424	 190.00000	 0.00075
0.87991	 0.05910	 0.06444	 394.00000	 0.00432
0.89818	 0.02918	 0.03022	 593.00000	 0.00064
0.51929	 0.02453	 0.02872	 390.00000	 0.00028
0.49354	 0.03843	 0.05734	 771.00000	 0.00139
0.95342	 0.06521	 0.06742	 364.00000	 0.01836
0.71795	 0.02767	 0.03068	 295.00000	 0.00062
0.76386	 0.04198	 0.04877	 830.00000	 0.00062
0.74848	 0.03442	 0.03926	 822.00000	 0.00023
0.94473	 0.03590	 0.03683	 596.00000	 0.00029
0.25004	 0.03053	 0.06213	 711.00000	 0.00131
0.79798	 0.04326	 0.04915	 235.00000	 0.00131
0.50556	 0.02976	 0.03931	 747.00000	 0.00023
0.37253	 0.03281	 0.05437	 769.00000	 0.00083
0.50556	 0.03739	 0.05440	 768.00000	 0.00001
0.02097	 0.02058	 0.04765	 238.00000	 0.00109
0.29505	 0.02218	 0.02740	 704.00000	 0.00021
0.29505	 0.02412	 0.03396	 728.00000	 0.00026
0.90110	 0.02582	 0.02646	 436.00000	 0.00033
0.50474	 0.02975	 0.03931	 753.00000	 0.00021
0.50556	 0.03739	 0.05440	 665.00000	 0.00026
0.51929	 0.02268	 0.02515	 370.00000	 0.00052
0.50556	 0.02300	 0.02594	 765.00000	 0.00021
0.31476	 0.03087	 0.05455	 707.00000	 0.00093
0.94473	 0.03591	 0.03684	 595.00000	 0.00076
0.29505	 0.02111	 0.02375	 705.00000	 0.00041
0.93567	 0.02625	 0.02668	 794.00000	 0.00016
0.30074	 0.02420	 0.03396	 351.00000	 0.00045
0.90878	 0.03131	 0.03244	 420.00000	 0.00029
0.41858	 0.02206	 0.02491	 340.00000	 0.00072
0.75974	 0.03461	 0.03922	 335.00000	 0.00017
0.29288	 0.02409	 0.03396	 706.00000	 0.00227
0.90298	 0.05431	 0.05800	 746.00000	 0.00113
0.44850	 0.02217	 0.02484	 412.00000	 0.00084
0.90367	 0.02394	 0.02436	 357.00000	 0.00032
0.79464	 0.03551	 0.03952	 692.00000	 0.00088
0.39740	 0.02709	 0.03784	 323.00000	 0.00064
0.90599	 0.02445	 0.02491	 380.00000	 0.00025
0.63759	 0.04203	 0.05455	 811.00000	 0.00130
0.41795	 0.02800	 0.03914	 713.00000	 0.00038
0.50556	 0.03739	 0.05440	 768.00000	 0.00001
0.76388	 0.04383	 0.05120	 830.00000	 0.00083
0.79798	 0.04326	 0.04915	 699.00000	 0.00027
0.90367	 0.02387	 0.02428	 421.00000	 0.00031
0.36948	 0.02427	 0.03155	 760.00000	 0.00068
0.52406	 0.02646	 0.03232	 580.00000	 0.00035
0.90487	 0.02048	 0.02053	 415.00000	 0.00086
0.23141	 0.02322	 0.03392	 261.00000	 0.00057
0.94159	 0.02628	 0.02667	 327.00000	 0.00028
0.73124	 0.03409	 0.03926	 822.00000	 0.00019
0.74848	 0.03894	 0.04530	 826.00000	 0.00094
0.21475	 0.02732	 0.05411	 747.00000	 0.00083
0.60351	 0.03078	 0.03786	 460.00000	 0.00036
0.43079	 0.02424	 0.02985	 343.00000	 0.00029
0.94396	 0.05849	 0.06077	 596.00000	 0.00185
0.60341	 0.02952	 0.03578	 768.00000	 0.00042
0.77876	 0.04249	 0.04887	 872.00000	 0.00029
0.90319	 0.02368	 0.02407	 419.00000	 0.00022
0.75974	 0.03461	 0.03922	 335.00000	 0.00017
0.50761	 0.03746	 0.05440	 665.00000	 0.00053
0.87089	 0.02988	 0.03135	 420.00000	 0.00025
0.29505	 0.02218	 0.02740	 704.00000	 0.00021
0.51081	 0.02341	 0.02667	 327.00000	 0.00025
0.93166	 0.05349	 0.05595	 768.00000	 0.00110
0.78249	 0.03930	 0.04466	 748.00000	 0.00068
0.34978	 0.02672	 0.03922	 335.00000	 0.00037
0.55973	 0.03081	 0.03932	 753.00000	 0.00016
0.78544	 0.04255	 0.04871	 754.00000	 0.00010
0.50556	 0.03739	 0.05440	 868.00000	 0.00019
0.50556	 0.03899	 0.05755	 801.00000	 0.00197
0.50377	 0.03733	 0.05440	 703.00000	 0.00069
0.29683	 0.02215	 0.02725	 768.00000	 0.00023
0.42921	 0.02777	 0.03811	 836.00000	 0.00034
0.30527	 0.02545	 0.03786	 735.00000	 0.00035
0.85456	 0.02420	 0.02491	 739.00000	 0.00018
0.53732	 0.02319	 0.02594	 392.00000	 0.00042
0.51504	 0.03356	 0.04633	 821.00000	 0.00042
0.59970	 0.03342	 0.04238	 681.00000	 0.00040
0.50556	 0.02168	 0.02332	 747.00000	 0.00087
0.90029	 0.03479	 0.03643	 442.00000	 0.00060
0.76274	 0.03961	 0.04570	 872.00000	 0.00017
0.90433	 0.02368	 0.02407	 419.00000	 0.00023
0.90367	 0.04522	 0.04791	 416.00000	 0.00054
0.77876	 0.02458	 0.02588	 872.00000	 0.00020
0.70305	 0.02316	 0.02450	 826.00000	 0.00020
0.90818	 0.03787	 0.03968	 380.00000	 0.00060
0.51380	 0.02527	 0.03026	 585.00000	 0.00023
0.50556	 0.03738	 0.05437	 775.00000	 0.00005
0.45894	 0.02400	 0.02872	 413.00000	 0.00024
0.76726	 0.04164	 0.04820	 807.00000	 0.00010
0.83030	 0.04580	 0.05108	 699.00000	 0.00044
0.90599	 0.02445	 0.02491	 319.00000	 0.00061
0.53505	 0.03841	 0.05440	 770.00000	 0.00107
0.93567	 0.02625	 0.02668	 795.00000	 0.00008
0.72870	 0.03389	 0.03907	 803.00000	 0.00036
0.29505	 0.02409	 0.03386	 692.00000	 0.00027
0.50474	 0.02944	 0.03870	 312.00000	 0.00031
0.94159	 0.02686	 0.02728	 766.00000	 0.00005
0.50474	 0.02975	 0.03931	 740.00000	 0.00019
0.81303	 0.02400	 0.02491	 739.00000	 0.00021
0.76724	 0.03968	 0.04565	 830.00000	 0.00042
0.76277	 0.04206	 0.04892	 912.00000	 0.00042
0.75952	 0.02564	 0.02742	 792.00000	 0.00019
0.29683	 0.02507	 0.03708	 320.00000	 0.00015
0.49628	 0.02430	 0.02867	 692.00000	 0.00020
0.51380	 0.02527	 0.03026	 395.00000	 0.00042
0.55973	 0.03124	 0.04008	 831.00000	 0.00037
0.76726	 0.04229	 0.04905	 803.00000	 0.00022
0.78544	 0.04225	 0.04833	 754.00000	 0.00017
0.50556	 0.03739	 0.05440	 768.00000	 0.00001
0.73124	 0.03409	 0.03926	 822.00000	 0.00019
0.78544	 0.04255	 0.04871	 752.00000	 0.00021
0.84567	 0.04428	 0.04871	 830.00000	 0.00060
0.50215	 0.03696	 0.05378	 768.00000	 0.00025
0.93974	 0.02402	 0.02428	 390.00000	 0.00027
0.90552	 0.02660	 0.02728	 766.00000	 0.00018
0.29505	 0.02215	 0.02729	 822.00000	 0.00022
0.73124	 0.03417	 0.03937	 712.00000	 0.00117
0.50556	 0.03738	 0.05437	 823.00000	 0.00003
0.61173	 0.03976	 0.05231	 768.00000	 0.00091
0.50556	 0.03739	 0.05440	 764.00000	 0.00030
0.95426	 0.02695	 0.02728	 871.00000	 0.00030
0.75490	 0.02504	 0.02668	 400.00000	 0.00022
0.45894	 0.02438	 0.02955	 849.00000	 0.00021
0.50475	 0.03010	 0.04001	 706.00000	 0.00038
0.49803	 0.03468	 0.04947	 753.00000	 0.00019
0.50556	 0.03739	 0.05440	 784.00000	 0.00003
0.50556	 0.03243	 0.04458	 768.00000	 0.00034
0.69252	 0.03953	 0.04820	 760.00000	 0.00154
0.72533	 0.04582	 0.05560	 844.00000	 0.00064
0.44750	 0.02860	 0.03922	 335.00000	 0.00037
0.74781	 0.04573	 0.05440	 868.00000	 0.00035
0.92593	 0.02464	 0.02501	 416.00000	 0.00007
0.52509	 0.02532	 0.03013	 593.00000	 0.00025
0.74848	 0.03442	 0.03926	 822.00000	 0.00023
0.50556	 0.03739	 0.05440	 872.00000	 0.00026
0.29238	 0.02143	 0.02491	 704.00000	 0.00094
0.93811	 0.02626	 0.02668	 794.00000	 0.00016
0.75702	 0.03462	 0.03932	 753.00000	 0.00041
0.56920	 0.03094	 0.03923	 335.00000	 0.00000
0.71149	 0.02318	 0.02448	 826.00000	 0.00020
0.92722	 0.02787	 0.02849	 793.00000	 0.00016
0.50556	 0.03637	 0.05239	 803.00000	 0.00044
0.50022	 0.03702	 0.05402	 763.00000	 0.00049
0.76409	 0.03505	 0.03969	 290.00000	 0.00038
0.75974	 0.04117	 0.04786	 769.00000	 0.00071
0.81695	 0.02036	 0.02044	 829.00000	 0.00092
0.75947	 0.04181	 0.04871	 793.00000	 0.00027
0.50556	 0.03727	 0.05417	 783.00000	 0.00035
0.50556	 0.03739	 0.05440	 759.00000	 0.00053
0.41909	 0.03442	 0.05440	 768.00000	 0.00046
0.56467	 0.03883	 0.05334	 816.00000	 0.00057
0.76274	 0.03914	 0.04509	 872.00000	 0.00067
0.76388	 0.04200	 0.04880	 895.00000	 0.00046
0.99088	 0.02676	 0.02682	 794.00000	 0.00024
0.48564	 0.03662	 0.05423	 741.00000	 0.00555
0.50556	 0.03743	 0.05447	 768.00000	 0.00022
0.93504	 0.02468	 0.02501	 416.00000	 0.00021
0.28616	 0.03006	 0.05515	 319.00000	 0.00084
0.51623	 0.02843	 0.03633	 795.00000	 0.00030
0.49220	 0.03693	 0.05440	 768.00000	 0.00061
0.50556	 0.03738	 0.05437	 823.00000	 0.00003
0.70314	 0.03980	 0.04816	 779.00000	 0.00078
0.76726	 0.04218	 0.04891	 767.00000	 0.00016
0.53083	 0.03834	 0.05455	 768.00000	 0.00117
0.85793	 0.02561	 0.02654	 794.00000	 0.00016
0.93567	 0.02667	 0.02712	 795.00000	 0.00023
0.73124	 0.03376	 0.03882	 786.00000	 0.00024
0.29683	 0.03028	 0.05465	 267.00000	 0.00086
0.50556	 0.02850	 0.03681	 796.00000	 0.00036
0.79511	 0.03748	 0.04199	 717.00000	 0.00065
0.55335	 0.03904	 0.05440	 768.00000	 0.00087
0.50944	 0.03753	 0.05440	 868.00000	 0.00033
0.93836	 0.03485	 0.03582	 794.00000	 0.00056
0.94159	 0.03218	 0.03294	 648.00000	 0.00023
0.76274	 0.04011	 0.04637	 956.00000	 0.00009
0.50327	 0.03731	 0.05440	 753.00000	 0.00064
0.74272	 0.04132	 0.04871	 768.00000	 0.00064
0.78527	 0.04266	 0.04885	 830.00000	 0.00036
0.76744	 0.04176	 0.04835	 754.00000	 0.00005
0.82891	 0.03601	 0.03932	 753.00000	 0.00018
0.57387	 0.02282	 0.02491	 739.00000	 0.00021
0.85456	 0.02552	 0.02646	 748.00000	 0.00017
0.92593	 0.02464	 0.02501	 417.00000	 0.00035
0.51473	 0.03859	 0.05612	 773.00000	 0.00100
0.89450	 0.02161	 0.02180	 441.00000	 0.00088
0.50556	 0.03699	 0.05360	 775.00000	 0.00036
0.50556	 0.03739	 0.05440	 768.00000	 0.00001
0.78544	 0.04671	 0.05400	 729.00000	 0.00099
0.50556	 0.03451	 0.04870	 823.00000	 0.00034
0.76815	 0.04522	 0.05283	 820.00000	 0.00047
0.93707	 0.02493	 0.02527	 829.00000	 0.00018
0.76726	 0.04218	 0.04891	 348.00000	 0.00122
0.62483	 0.03053	 0.03686	 712.00000	 0.00032
0.85793	 0.02537	 0.02626	 794.00000	 0.00504
0.50556	 0.03739	 0.05440	 778.00000	 0.00025
0.50556	 0.03739	 0.05440	 734.00000	 0.00001
0.49116	 0.03690	 0.05440	 768.00000	 0.00090
0.93347	 0.02774	 0.02829	 799.00000	 0.00090
0.76493	 0.03864	 0.04437	 950.00000	 0.00078
0.92593	 0.02464	 0.02501	 409.00000	 0.00022
0.94159	 0.02560	 0.02595	 774.00000	 0.00018
0.50556	 0.03738	 0.05437	 823.00000	 0.00003
0.44733	 0.03537	 0.05437	 823.00000	 0.00044
0.76976	 0.04171	 0.04820	 805.00000	 0.00020
0.48283	 0.03661	 0.05440	 770.00000	 0.00503
0.50556	 0.03739	 0.05440	 768.00000	 0.00001
0.53603	 0.03844	 0.05440	 702.00000	 0.00090
0.93905	 0.02616	 0.02655	 822.00000	 0.00020
0.63035	 0.02941	 0.03493	 795.00000	 0.00042
0.87874	 0.02432	 0.02491	 416.00000	 0.00017
0.50556	 0.03739	 0.05440	 814.00000	 0.00039
0.81430	 0.03510	 0.03854	 749.00000	 0.00082
0.50362	 0.03767	 0.05509	 312.00000	 0.00262
0.56920	 0.03038	 0.03824	 335.00000	 0.00018
0.76043	 0.03462	 0.03922	 335.00000	 0.00017
0.50556	 0.03739	 0.05440	 768.00000	 0.00001
0.55441	 0.03906	 0.05437	 736.00000	 0.00105
0.70121	 0.03989	 0.04837	 816.00000	 0.00093
0.76756	 0.04203	 0.04870	 745.00000	 0.00028
0.49331	 0.03624	 0.05292	 728.00000	 0.00043
0.94780	 0.02774	 0.02816	 791.00000	 0.00014
0.62059	 0.04135	 0.05440	 768.00000	 0.00097
0.50556	 0.03738	 0.05437	 822.00000	 0.00051
0.72181	 0.04072	 0.04871	 784.00000	 0.00052
0.50556	 0.03739	 0.05440	 784.00000	 0.00003
0.57865	 0.03106	 0.03911	 335.00000	 0.00052
0.50556	 0.03739	 0.05440	 733.00000	 0.00045
0.50556	 0.03738	 0.05437	 951.00000	 0.00003
0.55363	 0.03905	 0.05440	 768.00000	 0.00087
0.50556	 0.03739	 0.05440	 396.00000	 0.00087
0.90367	 0.02450	 0.02498	 768.00000	 0.00028
0.93567	 0.02355	 0.02379	 794.00000	 0.00024
0.76726	 0.04183	 0.04845	 807.00000	 0.00052
0.50556	 0.03739	 0.05440	 796.00000	 0.00052
0.93691	 0.02626	 0.02668	 733.00000	 0.00022
0.76043	 0.03462	 0.03922	 335.00000	 0.00017
0.68636	 0.02500	 0.02728	 770.00000	 0.00012
0.50556	 0.03739	 0.05440	 767.00000	 0.00069
0.43299	 0.03485	 0.05429	 821.00000	 0.00024
0.51595	 0.03773	 0.05437	 836.00000	 0.00092
0.56920	 0.03094	 0.03923	 349.00000	 0.00019
0.76043	 0.03481	 0.03947	 748.00000	 0.00006
0.50556	 0.03727	 0.05416	 355.00000	 0.00085
0.52980	 0.03823	 0.05440	 768.00000	 0.00085
0.50556	 0.03738	 0.05437	 775.00000	 0.00005
0.50556	 0.03739	 0.05440	 768.00000	 0.00001
0.94159	 0.02686	 0.02728	 756.00000	 0.00023
0.67846	 0.03904	 0.04807	 830.00000	 0.00062
0.45729	 0.03603	 0.05505	 886.00000	 0.00109
0.76800	 0.04642	 0.05440	 816.00000	 0.00073
0.50482	 0.03424	 0.04820	 822.00000	 0.00037
0.50556	 0.03739	 0.05440	 734.00000	 0.00001
0.50556	 0.03739	 0.05440	 922.00000	 0.00061
0.50556	 0.03738	 0.05437	 768.00000	 0.00000
0.50556	 0.03739	 0.05440	 775.00000	 0.00005
0.93005	 0.05200	 0.05440	 796.00000	 0.00088
0.50142	 0.02251	 0.02501	 416.00000	 0.00111
0.56920	 0.03094	 0.03923	 326.00000	 0.00019
0.50556	 0.03739	 0.05440	 776.00000	 0.00042
0.60643	 0.04189	 0.05609	 773.00000	 0.00081
0.58374	 0.04006	 0.05437	 825.00000	 0.00081
0.50556	 0.03739	 0.05440	 768.00000	 0.00001
0.86245	 0.02628	 0.02728	 775.00000	 0.00017
0.50556	 0.03858	 0.05675	 768.00000	 0.00095
0.44285	 0.03468	 0.05314	 775.00000	 0.00038
0.50156	 0.03923	 0.05834	 784.00000	 0.00390
0.30083	 0.02454	 0.03510	 320.00000	 0.00062
0.50556	 0.03738	 0.05437	 823.00000	 0.00028
0.50556	 0.03738	 0.05437	 767.00000	 0.00070
0.50556	 0.03730	 0.05422	 769.00000	 0.00062
0.76726	 0.04229	 0.04905	 829.00000	 0.00006
0.56462	 0.03943	 0.05440	 795.00000	 0.00555
0.92840	 0.02620	 0.02668	 767.00000	 0.00016
0.50556	 0.03739	 0.05440	 734.00000	 0.00001
0.53341	 0.03835	 0.05440	 768.00000	 0.00099
0.47244	 0.03625	 0.05440	 768.00000	 0.00222
0.57045	 0.03963	 0.05440	 674.00000	 0.00025
0.47138	 0.03622	 0.05440	 768.00000	 0.00108
0.50556	 0.03739	 0.05440	 772.00000	 0.00070
0.50556	 0.03647	 0.05259	 832.00000	 0.00035
0.50556	 0.03739	 0.05440	 734.00000	 0.00001
0.52774	 0.03816	 0.05440	 768.00000	 0.00082
0.50556	 0.03738	 0.05437	 775.00000	 0.00005
0.50556	 0.03739	 0.05440	 784.00000	 0.00003
0.56920	 0.03094	 0.03923	 335.00000	 0.00000
0.50188	 0.03725	 0.05437	 768.00000	 0.00002
0.50556	 0.03739	 0.05440	 768.00000	 0.00001
0.52377	 0.03802	 0.05440	 768.00000	 0.00065
0.74222	 0.02974	 0.03312	 755.00000	 0.00054
0.68636	 0.04276	 0.05316	 822.00000	 0.00036
0.50556	 0.02433	 0.02856	 771.00000	 0.00719
0.76744	 0.04262	 0.04948	 752.00000	 0.00004
0.50556	 0.03739	 0.05440	 784.00000	 0.00003
0.50519	 0.03744	 0.05452	 791.00000	 0.00034
0.50556	 0.03724	 0.05409	 768.00000	 0.00001
0.50556	 0.03739	 0.05440	 768.00000	 0.00001
0.50556	 0.03446	 0.04860	 788.00000	 0.00031
0.50556	 0.03739	 0.05440	 768.00000	 0.00001
0.50556	 0.03739	 0.05440	 768.00000	 0.00001
0.50556	 0.04098	 0.06150	 769.00000	 0.00001
0.42875	 0.03450	 0.05382	 729.00000	 0.00009
0.50556	 0.03739	 0.05440	 765.00000	 0.00012
0.50556	 0.03739	 0.05440	 769.00000	 0.00026
0.54687	 0.03881	 0.05440	 768.00000	 0.00111
0.46131	 0.03586	 0.05437	 784.00000	 0.00093
0.50556	 0.03739	 0.05440	 768.00000	 0.00001
0.56920	 0.03094	 0.03923	 295.00000	 0.00085
0.50556	 0.03724	 0.05410	 769.00000	 0.00054
0.46563	 0.03602	 0.05440	 732.00000	 0.00090
0.50556	 0.03739	 0.05440	 734.00000	 0.00001
0.47668	 0.03640	 0.05440	 776.00000	 0.00127
0.63913	 0.04197	 0.05437	 732.00000	 0.00054
0.50556	 0.03739	 0.05440	 798.00000	 0.00001
0.50556	 0.03739	 0.05440	 768.00000	 0.00001
0.52030	 0.03779	 0.05420	 766.00000	 0.00084
0.50556	 0.03739	 0.05440	 734.00000	 0.00001
0.50556	 0.03739	 0.05440	 784.00000	 0.00003
0.50556	 0.03739	 0.05440	 768.00000	 0.00001
0.50556	 0.03738	 0.05437	 768.00000	 0.00000
0.76744	 0.04125	 0.04769	 799.00000	 0.00015
0.55332	 0.03904	 0.05440	 768.00000	 0.00087
0.45613	 0.03569	 0.05440	 808.00000	 0.00101
0.56893	 0.03094	 0.03923	 315.00000	 0.00047
0.50556	 0.03532	 0.05031	 731.00000	 0.00036
0.50556	 0.03739	 0.05440	 772.00000	 0.00070
0.50556	 0.03915	 0.05787	 734.00000	 0.00245
0.50556	 0.03739	 0.05440	 957.00000	 0.00030
0.50556	 0.03742	 0.05446	 768.00000	 0.00059
0.51610	 0.03839	 0.05563	 951.00000	 0.00098
0.50556	 0.03739	 0.05440	 800.00000	 0.00001
0.50188	 0.03725	 0.05437	 768.00000	 0.00002
0.56920	 0.03037	 0.03823	 335.00000	 0.00018
0.56920	 0.03094	 0.03923	 335.00000	 0.00000
0.41372	 0.03423	 0.05440	 730.00000	 0.00024
0.51097	 0.03720	 0.05367	 745.00000	 0.00027
0.50556	 0.03739	 0.05440	 768.00000	 0.00001
0.50556	 0.03739	 0.05440	 824.00000	 0.00027
0.50556	 0.03898	 0.05754	 768.00000	 0.00027
0.50556	 0.03739	 0.05440	 748.00000	 0.00052
0.52732	 0.03814	 0.05440	 768.00000	 0.00076
0.50556	 0.02954	 0.03887	 768.00000	 0.00021
0.50556	 0.03739	 0.05440	 768.00000	 0.00001
0.60466	 0.04080	 0.05440	 768.00000	 0.00081
0.50556	 0.02996	 0.03971	 332.00000	 0.00050
0.56920	 0.03956	 0.05436	 631.00000	 0.00186
0.50556	 0.03738	 0.05437	 768.00000	 0.00000
0.42524	 0.03463	 0.05440	 768.00000	 0.00034
0.57064	 0.03971	 0.05455	 768.00000	 0.00034
0.50907	 0.02970	 0.03905	 335.00000	 0.00022
0.50556	 0.03739	 0.05440	 588.00000	 0.00045
0.50556	 0.03728	 0.05418	 768.00000	 0.00001
0.59691	 0.03108	 0.03857	 367.00000	 0.00005
0.50824	 0.03755	 0.05453	 677.00000	 0.00077
0.50556	 0.03739	 0.05440	 802.00000	 0.00042
0.57925	 0.04005	 0.05462	 730.00000	 0.00020
0.50556	 0.03739	 0.05440	 830.00000	 0.00036
0.50556	 0.03425	 0.04819	 768.00000	 0.00038
0.50857	 0.02977	 0.03921	 339.00000	 0.00010
0.56618	 0.03947	 0.05439	 763.00000	 0.00339
0.50556	 0.03739	 0.05440	 816.00000	 0.00013
0.50556	 0.03739	 0.05440	 734.00000	 0.00001
0.59188	 0.03138	 0.03923	 335.00000	 0.00052
0.50754	 0.03748	 0.05444	 768.00000	 0.00027
0.50556	 0.03739	 0.05440	 734.00000	 0.00001
0.50556	 0.04098	 0.06150	 759.00000	 0.00230
0.50353	 0.03733	 0.05441	 335.00000	 0.00122
0.57122	 0.03310	 0.04293	 768.00000	 0.00055
0.41181	 0.03420	 0.05447	 744.00000	 0.00039
0.54719	 0.03866	 0.05409	 768.00000	 0.00074
0.50556	 0.03638	 0.05240	 734.00000	 0.00122
0.51691	 0.03778	 0.05440	 768.00000	 0.00076
0.50556	 0.03738	 0.05437	 768.00000	 0.00000
0.40363	 0.03389	 0.05440	 693.00000	 0.00033
0.50556	 0.03472	 0.04911	 768.00000	 0.00033
0.50556	 0.03745	 0.05451	 800.00000	 0.00008
0.50556	 0.03739	 0.05440	 734.00000	 0.00001
0.50556	 0.03739	 0.05440	 768.00000	 0.00001
0.50556	 0.03739	 0.05440	 734.00000	 0.00001
0.56107	 0.03930	 0.05440	 768.00000	 0.00144
0.50556	 0.03739	 0.05440	 734.00000	 0.00001
0.53897	 0.04145	 0.05979	 840.00000	 0.00153
0.50556	 0.03532	 0.05031	 768.00000	 0.00033
0.35792	 0.03231	 0.05440	 768.00000	 0.00089
0.52720	 0.03814	 0.05440	 784.00000	 0.00090
0.50556	 0.03739	 0.05440	 734.00000	 0.00001
0.50556	 0.03742	 0.05447	 685.00000	 0.00027
0.50556	 0.03766	 0.05492	 798.00000	 0.00100
0.56732	 0.03083	 0.03908	 767.00000	 0.00011
0.50743	 0.03582	 0.05117	 305.00000	 0.00062
0.50556	 0.03748	 0.05458	 740.00000	 0.00072
0.50556	 0.03728	 0.05418	 768.00000	 0.00001
0.56312	 0.03936	 0.05437	 768.00000	 0.00228
0.51858	 0.03783	 0.05437	 768.00000	 0.00055
0.50556	 0.03739	 0.05440	 743.00000	 0.00019
0.50556	 0.03738	 0.05437	 712.00000	 0.00043
0.48125	 0.03656	 0.05440	 768.00000	 0.00200
0.50556	 0.03739	 0.05440	 784.00000	 0.00003
0.53289	 0.03024	 0.03923	 335.00000	 0.00051
0.56920	 0.03094	 0.03923	 254.00000	 0.00042
0.62485	 0.04150	 0.05440	 879.00000	 0.00141
0.46904	 0.03614	 0.05440	 735.00000	 0.00095
0.47374	 0.03615	 0.05409	 769.00000	 0.00101
0.50556	 0.03739	 0.05440	 768.00000	 0.00001
0.50556	 0.03738	 0.05437	 768.00000	 0.00000
0.50556	 0.03728	 0.05418	 892.00000	 0.00029
0.57150	 0.04003	 0.05505	 800.00000	 0.00062
0.50325	 0.02988	 0.03963	 335.00000	 0.00010
0.58604	 0.04016	 0.05440	 733.00000	 0.00101
0.50556	 0.03650	 0.05263	 769.00000	 0.00038
0.50556	 0.03783	 0.05527	 885.00000	 0.00068
0.50556	 0.03738	 0.05437	 777.00000	 0.00050
0.50556	 0.04025	 0.06005	 639.00000	 0.00260
0.50556	 0.04076	 0.06107	 737.00000	 0.00233
0.50556	 0.03738	 0.05437	 732.00000	 0.00020
0.50556	 0.03739	 0.05440	 839.00000	 0.00001
0.56920	 0.02937	 0.03647	 395.00000	 0.00039
0.58041	 0.02867	 0.03494	 335.00000	 0.00023
0.50556	 0.03724	 0.05409	 799.00000	 0.00051
0.54829	 0.03886	 0.05440	 734.00000	 0.00076
0.50556	 0.03747	 0.05455	 768.00000	 0.00066
0.50556	 0.03739	 0.05440	 734.00000	 0.00001
0.50556	 0.03695	 0.05352	 768.00000	 0.00009
0.50556	 0.03266	 0.04504	 734.00000	 0.00045
0.57016	 0.03096	 0.03923	 329.00000	 0.00063
0.50460	 0.03736	 0.05440	 757.00000	 0.00026
0.50403	 0.03734	 0.05440	 734.00000	 0.00002
0.50556	 0.03739	 0.05440	 734.00000	 0.00001
0.50556	 0.03728	 0.05418	 768.00000	 0.00001
0.50531	 0.03574	 0.05116	 768.00000	 0.00072
0.50556	 0.03739	 0.05440	 734.00000	 0.00001
0.50556	 0.03739	 0.05440	 768.00000	 0.00001
0.50556	 0.03739	 0.05440	 733.00000	 0.00045
0.50556	 0.03760	 0.05481	 734.00000	 0.00070
0.61741	 0.04281	 0.05695	 735.00000	 0.00483
0.50556	 0.03739	 0.05440	 734.00000	 0.00001
0.50556	 0.03739	 0.05440	 734.00000	 0.00001
0.48378	 0.03663	 0.05437	 797.00000	 0.00114
0.50556	 0.03738	 0.05437	 680.00000	 0.00052
0.50556	 0.03728	 0.05418	 768.00000	 0.00001
0.50556	 0.03355	 0.04680	 767.00000	 0.00041
0.50556	 0.04021	 0.05998	 735.00000	 0.00214
0.50556	 0.03738	 0.05437	 768.00000	 0.00000
0.42162	 0.03449	 0.05437	 730.00000	 0.00040
0.50595	 0.03715	 0.05389	 873.00000	 0.00049
0.69097	 0.03364	 0.03974	 335.00000	 0.00030
0.50556	 0.03739	 0.05440	 835.00000	 0.00011
0.50556	 0.03642	 0.05249	 734.00000	 0.00024
0.57043	 0.03040	 0.03823	 318.00000	 0.00010
0.50433	 0.03785	 0.05540	 757.00000	 0.00108
0.57090	 0.03964	 0.05440	 688.00000	 0.00404
0.54299	 0.03007	 0.03854	 373.00000	 0.00016
0.50424	 0.03735	 0.05440	 768.00000	 0.00031
0.50556	 0.03739	 0.05440	 783.00000	 0.00076
0.56920	 0.03093	 0.03921	 362.00000	 0.00036
0.50556	 0.03739	 0.05440	 779.00000	 0.00036
0.50556	 0.03675	 0.05314	 768.00000	 0.00091
0.50556	 0.03739	 0.05440	 786.00000	 0.00069
0.50556	 0.03696	 0.05355	 768.00000	 0.00018
0.50030	 0.03721	 0.05440	 756.00000	 0.00068
0.56920	 0.03057	 0.03858	 311.00000	 0.00006
0.51240	 0.03765	 0.05444	 768.00000	 0.00006
0.50556	 0.03722	 0.05406	 735.00000	 0.00060
0.51821	 0.03781	 0.05437	 767.00000	 0.00080
0.50556	 0.03514	 0.04995	 735.00000	 0.00070
0.50556	 0.03739	 0.05440	 797.00000	 0.00044
0.50556	 0.03738	 0.05437	 734.00000	 0.00002
0.50556	 0.03982	 0.05921	 768.00000	 0.00750
0.56883	 0.03756	 0.05087	 742.00000	 0.00072
0.50593	 0.02941	 0.03860	 360.00000	 0.00039
0.56920	 0.03107	 0.03945	 343.00000	 0.00082
0.50556	 0.03727	 0.05415	 760.00000	 0.00028
0.50556	 0.03615	 0.05195	 878.00000	 0.00046
0.50556	 0.03738	 0.05437	 768.00000	 0.00000
0.50556	 0.03729	 0.05420	 758.00000	 0.00053
0.50556	 0.03986	 0.05929	 768.00000	 0.01833
0.54284	 0.03868	 0.05440	 795.00000	 0.01833
0.50556	 0.03728	 0.05418	 765.00000	 0.00063
0.50324	 0.03730	 0.05437	 773.00000	 0.00003
0.58261	 0.03633	 0.04803	 330.00000	 0.00083
0.50556	 0.03739	 0.05440	 767.00000	 0.00069
0.50556	 0.03891	 0.05740	 734.00000	 0.00165
0.59850	 0.04059	 0.05440	 734.00000	 0.00077
0.36807	 0.03266	 0.05440	 768.00000	 0.00081
0.56473	 0.02982	 0.03738	 762.00000	 0.00042
0.50556	 0.03738	 0.05437	 303.00000	 0.00074
0.56832	 0.03955	 0.05440	 734.00000	 0.00417
0.50644	 0.02974	 0.03923	 335.00000	 0.00034
0.50556	 0.03735	 0.05432	 768.00000	 0.00031
0.40391	 0.03390	 0.05440	 734.00000	 0.00049
0.50556	 0.03739	 0.05440	 839.00000	 0.00001
0.50556	 0.03739	 0.05440	 733.00000	 0.00045
0.45122	 0.03551	 0.05437	 768.00000	 0.00067
0.50556	 0.03739	 0.05440	 734.00000	 0.00001
0.50556	 0.03883	 0.05725	 704.00000	 0.00174
0.50556	 0.04022	 0.05999	 734.00000	 0.00174
0.47447	 0.03632	 0.05440	 862.00000	 0.00239
0.50556	 0.03739	 0.05440	 734.00000	 0.00001
0.56767	 0.03091	 0.03923	 224.00000	 0.00050
0.50709	 0.03745	 0.05440	 728.00000	 0.00085
0.50556	 0.03605	 0.05175	 768.00000	 0.00089
0.56920	 0.03094	 0.03923	 335.00000	 0.00000
0.50556	 0.03739	 0.05440	 734.00000	 0.00001
0.50556	 0.03895	 0.05749	 734.00000	 0.00159
0.50556	 0.03739	 0.05440	 734.00000	 0.00001
0.45868	 0.03578	 0.05440	 734.00000	 0.00071
0.50556	 0.03739	 0.05440	 768.00000	 0.00001
0.50556	 0.03735	 0.05432	 745.00000	 0.00025
0.60068	 0.04153	 0.05584	 335.00000	 0.00228
0.50426	 0.02895	 0.03775	 768.00000	 0.00039
0.60170	 0.04205	 0.05664	 335.00000	 0.00348
0.50556	 0.02986	 0.03951	 703.00000	 0.00037
0.50556	 0.03739	 0.05440	 712.00000	 0.00044
0.50556	 0.03738	 0.05437	 812.00000	 0.00044
0.50556	 0.03739	 0.05440	 738.00000	 0.00071
0.50556	 0.03738	 0.05437	 734.00000	 0.00002
0.50556	 0.03739	 0.05440	 734.00000	 0.00001
0.50556	 0.03739	 0.05440	 734.00000	 0.00001
0.50211	 0.03726	 0.05437	 770.00000	 0.00060
0.52644	 0.03685	 0.05200	 739.00000	 0.00029
0.54973	 0.04250	 0.06094	 733.00000	 0.00406
0.50556	 0.03728	 0.05417	 769.00000	 0.00055
0.50556	 0.03738	 0.05437	 734.00000	 0.00002
0.50556	 0.03682	 0.05328	 720.00000	 0.00045
0.50519	 0.03940	 0.05840	 770.00000	 0.00389
0.50556	 0.03690	 0.05342	 767.00000	 0.00057
0.49365	 0.03697	 0.05437	 740.00000	 0.00073
0.50142	 0.03662	 0.05314	 734.00000	 0.00094
0.50556	 0.03739	 0.05440	 735.00000	 0.00021
0.50556	 0.03739	 0.05440	 796.00000	 0.00021
0.56920	 0.02982	 0.03725	 793.00000	 0.00036
0.48861	 0.03681	 0.05440	 341.00000	 0.00107
0.50982	 0.03754	 0.05440	 742.00000	 0.00082
0.50556	 0.03739	 0.05440	 734.00000	 0.00001
0.50556	 0.03739	 0.05440	 734.00000	 0.00001
0.46888	 0.03613	 0.05440	 734.00000	 0.00088
0.56920	 0.03100	 0.03932	 759.00000	 0.00041
0.50556	 0.03738	 0.05437	 344.00000	 0.00170
0.50556	 0.03845	 0.05649	 768.00000	 0.00118
0.49442	 0.03701	 0.05440	 734.00000	 0.00046
0.50561	 0.02966	 0.03911	 864.00000	 0.00025
0.56914	 0.03965	 0.05452	 333.00000	 0.00661
0.50556	 0.03826	 0.05612	 734.00000	 0.00118
0.50556	 0.03769	 0.05500	 734.00000	 0.00084
0.61124	 0.04433	 0.05981	 734.00000	 0.00173
0.50556	 0.03738	 0.05437	 752.00000	 0.00044
0.50556	 0.03665	 0.05293	 734.00000	 0.00044
0.56668	 0.03950	 0.05440	 734.00000	 0.00071
0.50556	 0.03739	 0.05440	 734.00000	 0.00001
0.50556	 0.03739	 0.05440	 684.00000	 0.00001
0.50556	 0.03738	 0.05437	 733.00000	 0.00044
0.50556	 0.03200	 0.04374	 769.00000	 0.00013
0.50556	 0.03841	 0.05642	 734.00000	 0.00113
0.50637	 0.03742	 0.05440	 734.00000	 0.00000
0.50462	 0.02970	 0.03923	 750.00000	 0.00029
0.53934	 0.03862	 0.05453	 326.00000	 0.00101
0.56928	 0.03959	 0.05440	 734.00000	 0.00419
0.50547	 0.02972	 0.03923	 317.00000	 0.00013
0.57080	 0.03148	 0.04012	 337.00000	 0.00019
0.58393	 0.03939	 0.05321	 734.00000	 0.00114
0.50567	 0.03249	 0.04470	 761.00000	 0.00044
0.56909	 0.03950	 0.05427	 363.00000	 0.00416
0.54708	 0.03892	 0.05459	 768.00000	 0.00139
0.50556	 0.03738	 0.05437	 768.00000	 0.00000
0.50556	 0.03739	 0.05440	 734.00000	 0.00001
0.50556	 0.03738	 0.05437	 789.00000	 0.00001
0.50556	 0.03738	 0.05437	 768.00000	 0.00000
0.50556	 0.03738	 0.05437	 962.00000	 0.00000
0.50556	 0.03739	 0.05440	 770.00000	 0.00000
0.49390	 0.03699	 0.05441	 732.00000	 0.00060
0.50493	 0.02971	 0.03923	 335.00000	 0.00034
0.56983	 0.04236	 0.05924	 734.00000	 0.00300
0.50504	 0.03738	 0.05440	 734.00000	 0.00002
0.52324	 0.03799	 0.05437	 820.00000	 0.00107
0.54642	 0.03895	 0.05467	 738.00000	 0.00102
0.56920	 0.03079	 0.03895	 331.00000	 0.00043
0.45236	 0.03535	 0.05394	 783.00000	 0.00077
0.43546	 0.03497	 0.05437	 734.00000	 0.00041
0.49685	 0.03040	 0.04093	 335.00000	 0.00015
0.56811	 0.03955	 0.05440	 734.00000	 0.00417
0.46902	 0.03614	 0.05440	 770.00000	 0.00195
0.54969	 0.03866	 0.05394	 735.00000	 0.00063
0.73473	 0.03413	 0.03923	 384.00000	 0.00025
0.50556	 0.03739	 0.05440	 733.00000	 0.00045
0.50318	 0.03731	 0.05440	 312.00000	 0.00209
0.57158	 0.03272	 0.04225	 747.00000	 0.00052
0.54123	 0.03862	 0.05440	 734.00000	 0.00052
0.44477	 0.03533	 0.05446	 734.00000	 0.00049
0.42999	 0.03478	 0.05437	 768.00000	 0.00055
0.50556	 0.03808	 0.05576	 640.00000	 0.00109
0.50556	 0.03738	 0.05437	 768.00000	 0.00001
0.50556	 0.03739	 0.05441	 734.00000	 0.00001
0.50556	 0.03306	 0.04582	 768.00000	 0.00063
0.50556	 0.03738	 0.05437	 818.00000	 0.00052
0.50555	 0.03767	 0.05495	 734.00000	 0.00084
0.50638	 0.03742	 0.05440	 734.00000	 0.00000
0.50556	 0.03738	 0.05437	 699.00000	 0.00061
0.50556	 0.03739	 0.05440	 947.00000	 0.00024
0.56920	 0.03094	 0.03923	 335.00000	 0.00000
0.33644	 0.03158	 0.05440	 734.00000	 0.00068
0.50556	 0.03729	 0.05420	 768.00000	 0.00068
0.50556	 0.03738	 0.05437	 768.00000	 0.00000
0.56636	 0.03088	 0.03920	 335.00000	 0.00002
0.50840	 0.03749	 0.05440	 768.00000	 0.00023
0.50569	 0.03740	 0.05440	 739.00000	 0.00000
0.56906	 0.02819	 0.03440	 330.00000	 0.00023
0.50556	 0.03739	 0.05440	 770.00000	 0.00023
0.61081	 0.04100	 0.05437	 794.00000	 0.00058
0.56920	 0.03094	 0.03923	 335.00000	 0.00000
0.56920	 0.03094	 0.03923	 375.00000	 0.00035
0.59940	 0.04037	 0.05398	 754.00000	 0.00075
0.55018	 0.03891	 0.05437	 894.00000	 0.00084
0.50556	 0.03739	 0.05440	 734.00000	 0.00001
0.50556	 0.03697	 0.05357	 768.00000	 0.00032
0.46472	 0.03597	 0.05437	 768.00000	 0.00051
0.50556	 0.03738	 0.05437	 768.00000	 0.00000
0.50551	 0.03739	 0.05440	 701.00000	 0.00080
0.50642	 0.03892	 0.05736	 734.00000	 0.00157
0.56920	 0.03987	 0.05490	 335.00000	 0.00149
0.50638	 0.02948	 0.03873	 734.00000	 0.00044
0.53077	 0.03824	 0.05437	 815.00000	 0.00094
0.50556	 0.03739	 0.05440	 961.00000	 0.00034
0.50556	 0.03738	 0.05437	 768.00000	 0.00000
0.50556	 0.03738	 0.05437	 768.00000	 0.00000
0.56920	 0.03357	 0.04383	 338.00000	 0.00008
0.50556	 0.03563	 0.05091	 731.00000	 0.00056
0.77322	 0.04643	 0.05418	 344.00000	 0.00306
0.56674	 0.03090	 0.03923	 725.00000	 0.00046
0.56920	 0.03094	 0.03923	 340.00000	 0.00003
0.50284	 0.03730	 0.05440	 685.00000	 0.00003
0.56920	 0.03336	 0.04347	 335.00000	 0.00023
0.56920	 0.03094	 0.03923	 335.00000	 0.00000
0.56920	 0.03995	 0.05506	 185.00000	 0.04109
0.50556	 0.02911	 0.03802	 775.00000	 0.00038
0.58074	 0.03103	 0.03899	 850.00000	 0.00048
0.52978	 0.03835	 0.05464	 351.00000	 0.00139
0.48315	 0.03816	 0.05760	 768.00000	 0.00170
0.48606	 0.03671	 0.05438	 843.00000	 0.00099
0.56951	 0.03959	 0.05440	 321.00000	 0.00220
0.50525	 0.02971	 0.03923	 788.00000	 0.00028
0.50624	 0.03736	 0.05430	 338.00000	 0.00198
0.56851	 0.03097	 0.03930	 765.00000	 0.00031
0.50569	 0.03740	 0.05440	 739.00000	 0.00000
0.50556	 0.04029	 0.06014	 798.00000	 0.00196
0.50556	 0.03739	 0.05440	 734.00000	 0.00001
0.50556	 0.03646	 0.05255	 753.00000	 0.00141
0.48876	 0.03682	 0.05441	 684.00000	 0.00064
0.50556	 0.03738	 0.05437	 768.00000	 0.00001
0.50556	 0.03711	 0.05384	 734.00000	 0.00058
0.50950	 0.03753	 0.05440	 734.00000	 0.00012
0.50556	 0.03739	 0.05441	 689.00000	 0.00002
0.50556	 0.03738	 0.05437	 768.00000	 0.00000
0.50556	 0.03821	 0.05603	 286.00000	 0.00217
0.56920	 0.03116	 0.03961	 783.00000	 0.00035
0.50556	 0.03981	 0.05918	 749.00000	 0.01757
0.50556	 0.03738	 0.05437	 956.00000	 0.00027
0.56920	 0.03094	 0.03923	 335.00000	 0.00000
0.50556	 0.03738	 0.05437	 768.00000	 0.00000
0.53194	 0.03830	 0.05440	 750.00000	 0.00090
0.53527	 0.03840	 0.05437	 961.00000	 0.00079
0.56920	 0.03946	 0.05419	 335.00000	 0.00079
0.50556	 0.02981	 0.03941	 836.00000	 0.00020
0.50613	 0.03740	 0.05437	 454.00000	 0.00079
0.51757	 0.02958	 0.03851	 771.00000	 0.00021
0.51557	 0.03772	 0.05437	 768.00000	 0.00073
0.50556	 0.03738	 0.05437	 768.00000	 0.00000
0.44154	 0.03518	 0.05437	 741.00000	 0.00048
0.56527	 0.02838	 0.03483	 300.00000	 0.00022
0.50569	 0.03740	 0.05440	 759.00000	 0.00053
0.56364	 0.03939	 0.05440	 770.00000	 0.00053
0.49037	 0.03617	 0.05298	 766.00000	 0.00091
0.50569	 0.03738	 0.05438	 652.00000	 0.00052
0.55352	 0.03903	 0.05437	 768.00000	 0.00150
0.50556	 0.03738	 0.05437	 962.00000	 0.00000
0.52765	 0.03815	 0.05440	 734.00000	 0.00068
0.50556	 0.03738	 0.05437	 768.00000	 0.00000
0.50556	 0.03738	 0.05437	 768.00000	 0.00000
0.44855	 0.03542	 0.05437	 768.00000	 0.00067
0.47983	 0.03665	 0.05470	 702.00000	 0.00122
0.58247	 0.02788	 0.03354	 335.00000	 0.00035
0.57352	 0.03973	 0.05440	 676.00000	 0.00156
0.50123	 0.02964	 0.03923	 335.00000	 0.00034
0.56920	 0.03816	 0.05190	 778.00000	 0.00056
0.50556	 0.03005	 0.03988	 308.00000	 0.00019
0.50555	 0.03808	 0.05576	 767.00000	 0.00082
0.50570	 0.03735	 0.05430	 740.00000	 0.00027
0.50560	 0.02939	 0.03857	 768.00000	 0.00045
0.56916	 0.03399	 0.04459	 330.00000	 0.00036
0.50556	 0.03849	 0.05657	 759.00000	 0.00036
0.56920	 0.03094	 0.03923	 344.00000	 0.00013
0.50431	 0.03729	 0.05428	 741.00000	 0.00043
0.64143	 0.03241	 0.03935	 335.00000	 0.00017
0.57113	 0.03267	 0.04218	 284.00000	 0.00044
0.50363	 0.03734	 0.05444	 772.00000	 0.00069
0.50556	 0.03738	 0.05437	 649.00000	 0.00033
0.56920	 0.03094	 0.03923	 335.00000	 0.00000
0.56920	 0.03094	 0.03923	 338.00000	 0.00048
0.56920	 0.03140	 0.04003	 335.00000	 0.00056
0.56920	 0.03094	 0.03923	 335.00000	 0.00000
0.61912	 0.02952	 0.03537	 335.00000	 0.00043
0.50556	 0.03738	 0.05437	 768.00000	 0.00001
0.47651	 0.03639	 0.05441	 790.00000	 0.00455
0.45891	 0.03577	 0.05437	 768.00000	 0.00052
0.60948	 0.03172	 0.03923	 335.00000	 0.00024
0.52924	 0.03819	 0.05437	 757.00000	 0.00106
0.55852	 0.04174	 0.05893	 958.00000	 0.00124
0.50556	 0.03716	 0.05394	 685.00000	 0.00053
0.50556	 0.03996	 0.05949	 804.00000	 0.00200
0.53836	 0.03851	 0.05437	 743.00000	 0.00109
0.52000	 0.03623	 0.05120	 768.00000	 0.00045
0.51123	 0.03139	 0.04228	 335.00000	 0.00070
0.56920	 0.03094	 0.03923	 335.00000	 0.00000
0.50556	 0.03844	 0.05647	 768.00000	 0.00119
0.58094	 0.03997	 0.05437	 768.00000	 0.00066
0.50556	 0.03738	 0.05437	 955.00000	 0.00018
0.50556	 0.03738	 0.05437	 832.00000	 0.00021
0.56920	 0.03094	 0.03923	 335.00000	 0.00000
0.49866	 0.03232	 0.04471	 335.00000	 0.00045
0.52081	 0.03656	 0.05180	 441.00000	 0.00047
0.49952	 0.03717	 0.05437	 665.00000	 0.00052
0.50556	 0.03738	 0.05437	 768.00000	 0.00000
0.50556	 0.03738	 0.05437	 733.00000	 0.00044
0.50556	 0.03651	 0.05265	 766.00000	 0.00030
0.49861	 0.03738	 0.05485	 910.00000	 0.00001
0.50173	 0.03853	 0.05693	 338.00000	 0.00266
0.54399	 0.03082	 0.03989	 768.00000	 0.00010
0.50569	 0.03714	 0.05389	 739.00000	 0.00037
0.44948	 0.03546	 0.05440	 770.00000	 0.00078
0.56920	 0.03094	 0.03923	 335.00000	 0.00000
0.52454	 0.03854	 0.05534	 739.00000	 0.00096
0.50556	 0.03731	 0.05424	 344.00000	 0.00188
0.55921	 0.02969	 0.03733	 809.00000	 0.00039
0.50556	 0.03738	 0.05437	 768.00000	 0.00000
0.51521	 0.04041	 0.05962	 981.00000	 0.00170
0.56920	 0.03172	 0.04059	 335.00000	 0.00043
0.56920	 0.03094	 0.03923	 335.00000	 0.00000
0.50556	 0.03738	 0.05437	 768.00000	 0.00000
0.47612	 0.03802	 0.05785	 760.00000	 0.00204
0.54373	 0.02862	 0.03586	 729.00000	 0.00030
0.56920	 0.04008	 0.05527	 323.00000	 0.00250
0.56793	 0.02992	 0.03747	 335.00000	 0.00003
0.50335	 0.03730	 0.05437	 957.00000	 0.00059
0.50788	 0.03746	 0.05437	 768.00000	 0.00022
0.56688	 0.03090	 0.03923	 335.00000	 0.00032
0.55268	 0.03902	 0.05441	 699.00000	 0.00131
0.40424	 0.03389	 0.05437	 959.00000	 0.00043
0.57322	 0.03958	 0.05415	 962.00000	 0.00019
0.50154	 0.02975	 0.03945	 335.00000	 0.00026
0.58022	 0.03147	 0.03976	 321.00000	 0.00043
0.56920	 0.03158	 0.04035	 335.00000	 0.00034
0.56809	 0.03921	 0.05381	 343.00000	 0.00105
0.50666	 0.03003	 0.03979	 765.00000	 0.00044
0.48389	 0.03663	 0.05437	 791.00000	 0.00114
0.50556	 0.03738	 0.05437	 768.00000	 0.00000
0.56920	 0.03070	 0.03880	 712.00000	 0.00041
0.50556	 0.03195	 0.04363	 359.00000	 0.00055
0.59568	 0.04099	 0.05525	 739.00000	 0.00098
0.55236	 0.03016	 0.03838	 335.00000	 0.00042
0.56920	 0.03094	 0.03923	 331.00000	 0.00052
0.56920	 0.03094	 0.03923	 424.00000	 0.00003
0.57057	 0.03361	 0.04386	 763.00000	 0.00038
0.44288	 0.03521	 0.05435	 340.00000	 0.00174
0.50796	 0.02960	 0.03890	 768.00000	 0.00021
0.56679	 0.03967	 0.05470	 335.00000	 0.00207
0.59201	 0.03138	 0.03923	 335.00000	 0.00052
0.56920	 0.03094	 0.03923	 335.00000	 0.00000
0.72202	 0.03253	 0.03735	 335.00000	 0.00011
0.56920	 0.03094	 0.03923	 353.00000	 0.00013
0.56920	 0.03245	 0.04188	 335.00000	 0.00016
0.56920	 0.03094	 0.03923	 335.00000	 0.00000
0.50569	 0.03740	 0.05440	 360.00000	 0.00098
0.56920	 0.03094	 0.03923	 726.00000	 0.00043
0.50556	 0.03738	 0.05437	 768.00000	 0.00000
0.50556	 0.03738	 0.05437	 768.00000	 0.00000
0.50556	 0.03729	 0.05420	 768.00000	 0.00000
0.50556	 0.03738	 0.05437	 829.00000	 0.00024
0.53397	 0.03065	 0.03995	 348.00000	 0.00012
0.56920	 0.03899	 0.05337	 757.00000	 0.00085
0.56920	 0.02705	 0.03239	 769.00000	 0.00031
0.58154	 0.03999	 0.05437	 316.00000	 0.00067
0.50786	 0.02965	 0.03900	 335.00000	 0.00021
0.50044	 0.03598	 0.05192	 690.00000	 0.00091
0.56920	 0.03094	 0.03923	 335.00000	 0.00000
0.56799	 0.03019	 0.03795	 335.00000	 0.00007
0.56920	 0.03094	 0.03923	 289.00000	 0.00000
0.50556	 0.03973	 0.05902	 770.00000	 0.01467
0.50633	 0.03639	 0.05236	 854.00000	 0.00161
0.49980	 0.02935	 0.03871	 345.00000	 0.00063
0.64673	 0.02945	 0.03461	 335.00000	 0.00025
0.50569	 0.03740	 0.05440	 739.00000	 0.00000
0.57076	 0.03097	 0.03923	 350.00000	 0.00032
0.50400	 0.03839	 0.05649	 664.00000	 0.00125
0.50661	 0.02974	 0.03923	 766.00000	 0.00034
0.59840	 0.04057	 0.05437	 337.00000	 0.00150
0.56920	 0.03094	 0.03923	 265.00000	 0.00043
0.56920	 0.03161	 0.04040	 335.00000	 0.00030
0.56920	 0.03094	 0.03923	 335.00000	 0.00000
0.56920	 0.03094	 0.03923	 335.00000	 0.00000
0.50753	 0.02960	 0.03892	 334.00000	 0.00038
0.56722	 0.03969	 0.05471	 921.00000	 0.00412
0.56920	 0.03094	 0.03923	 385.00000	 0.00023
0.49505	 0.03702	 0.05437	 962.00000	 0.00041
0.50569	 0.03534	 0.05034	 739.00000	 0.00044
0.50569	 0.03875	 0.05708	 594.00000	 0.00165
0.57239	 0.03100	 0.03923	 297.00000	 0.00049
0.56920	 0.03094	 0.03923	 335.00000	 0.00000
0.58745	 0.04026	 0.05448	 354.00000	 0.00163
0.58912	 0.03126	 0.03912	 788.00000	 0.00017
0.56920	 0.03214	 0.04133	 293.00000	 0.00048
0.56920	 0.03094	 0.03923	 325.00000	 0.00031
0.56942	 0.03978	 0.05474	 984.00000	 0.00031
0.50533	 0.02900	 0.03781	 281.00000	 0.00032
0.56978	 0.03117	 0.03960	 740.00000	 0.00032
0.50511	 0.03732	 0.05429	 334.00000	 0.00107
0.58293	 0.04006	 0.05441	 335.00000	 0.00795
0.44721	 0.02858	 0.03919	 768.00000	 0.00021
0.54886	 0.03055	 0.03923	 335.00000	 0.00051
0.56920	 0.03094	 0.03923	 357.00000	 0.00033
0.50556	 0.03647	 0.05259	 986.00000	 0.00154
0.55858	 0.02906	 0.03621	 447.00000	 0.00040
0.56920	 0.03629	 0.04862	 327.00000	 0.00107
0.57009	 0.03096	 0.03923	 399.00000	 0.00007
0.47130	 0.03603	 0.05402	 738.00000	 0.00043
0.76376	 0.03611	 0.04109	 364.00000	 0.00057
0.56441	 0.03085	 0.03923	 335.00000	 0.00049
0.62295	 0.03310	 0.04103	 289.00000	 0.00030
0.57013	 0.03949	 0.05418	 737.00000	 0.00452
0.49330	 0.03215	 0.04462	 337.00000	 0.00051
0.50569	 0.03740	 0.05440	 731.00000	 0.00027
0.56920	 0.03094	 0.03923	 335.00000	 0.00000
0.56920	 0.03169	 0.04053	 335.00000	 0.00047
0.56920	 0.03094	 0.03923	 335.00000	 0.00000
0.56920	 0.03094	 0.03923	 335.00000	 0.00000
0.50556	 0.03738	 0.05437	 962.00000	 0.00000
0.66961	 0.03287	 0.03923	 306.00000	 0.00000
0.67536	 0.03298	 0.03923	 335.00000	 0.00034
0.56920	 0.03094	 0.03923	 335.00000	 0.00000
0.56848	 0.03093	 0.03923	 355.00000	 0.00050
0.56920	 0.03094	 0.03923	 335.00000	 0.00000
0.56063	 0.03272	 0.04268	 335.00000	 0.00044
0.53054	 0.02827	 0.03559	 335.00000	 0.00035
0.50556	 0.03685	 0.05333	 768.00000	 0.00051
0.58275	 0.04005	 0.05440	 707.00000	 0.00023
0.56920	 0.03198	 0.04105	 335.00000	 0.00110
0.50569	 0.03738	 0.05437	 962.00000	 0.00003
0.50556	 0.03710	 0.05381	 717.00000	 0.00003
0.47932	 0.03648	 0.05437	 962.00000	 0.00439
0.50569	 0.03740	 0.05441	 739.00000	 0.00000
0.56883	 0.03984	 0.05488	 751.00000	 0.00010
0.50606	 0.02973	 0.03923	 333.00000	 0.00027
0.56920	 0.03094	 0.03923	 339.00000	 0.00002
0.58751	 0.03247	 0.04122	 288.00000	 0.00039
0.57810	 0.03111	 0.03923	 335.00000	 0.00034
0.60689	 0.03167	 0.03923	 304.00000	 0.00042
0.53294	 0.03834	 0.05440	 770.00000	 0.00094
0.47588	 0.03247	 0.04619	 335.00000	 0.00050
0.56920	 0.02945	 0.03659	 332.00000	 0.00035
0.56920	 0.03144	 0.04009	 317.00000	 0.00039
0.50462	 0.02970	 0.03923	 340.00000	 0.00089
0.57027	 0.03962	 0.05440	 865.00000	 0.00462
0.56927	 0.03076	 0.03891	 962.00000	 0.00041
0.50548	 0.03699	 0.05360	 335.00000	 0.00117
0.47204	 0.02908	 0.03923	 335.00000	 0.00039
0.53277	 0.02919	 0.03725	 302.00000	 0.00039
0.50556	 0.03496	 0.04959	 962.00000	 0.00004
0.50556	 0.03738	 0.05437	 962.00000	 0.00000
0.56920	 0.03094	 0.03923	 335.00000	 0.00000
0.56920	 0.03196	 0.04101	 335.00000	 0.00125
0.66961	 0.03103	 0.03647	 334.00000	 0.00042
0.56920	 0.03016	 0.03785	 307.00000	 0.00059
0.56920	 0.03353	 0.04377	 335.00000	 0.00030
0.56920	 0.03245	 0.04187	 283.00000	 0.00041
0.47417	 0.03601	 0.05377	 739.00000	 0.00076
0.50569	 0.03618	 0.05200	 762.00000	 0.00082
0.56920	 0.03094	 0.03923	 326.00000	 0.00019
0.56920	 0.03094	 0.03923	 390.00000	 0.00015
0.56920	 0.03094	 0.03923	 392.00000	 0.00013
0.61876	 0.03151	 0.03860	 347.00000	 0.00001
0.56489	 0.03123	 0.03988	 260.00000	 0.00093
0.50569	 0.03707	 0.05375	 752.00000	 0.00048
0.49652	 0.03708	 0.05440	 739.00000	 0.00027
0.50787	 0.02976	 0.03923	 353.00000	 0.00038
0.50569	 0.03740	 0.05440	 687.00000	 0.00068
0.49781	 0.03802	 0.05620	 949.00000	 0.00116
0.50569	 0.03736	 0.05433	 736.00000	 0.00025
0.56920	 0.03094	 0.03923	 335.00000	 0.00000
0.66961	 0.02992	 0.03481	 628.00000	 0.00028
0.50569	 0.03740	 0.05441	 402.00000	 0.00057
0.53177	 0.03830	 0.05440	 749.00000	 0.00100
0.56920	 0.03100	 0.03933	 335.00000	 0.00030
0.48886	 0.02766	 0.03567	 962.00000	 0.00010
0.38192	 0.03347	 0.05528	 332.00000	 0.00035
0.56920	 0.03094	 0.03923	 288.00000	 0.00022
0.56920	 0.03094	 0.03923	 335.00000	 0.00000
0.57340	 0.03102	 0.03923	 243.00000	 0.00022
0.56920	 0.03094	 0.03923	 335.00000	 0.00000
0.53718	 0.03175	 0.04186	 332.00000	 0.00042
0.56920	 0.02908	 0.03596	 244.00000	 0.00045
0.52084	 0.02974	 0.03870	 176.00000	 0.00024
0.50556	 0.03766	 0.05493	 770.00000	 0.00070
0.53919	 0.03037	 0.03923	 335.00000	 0.00017
0.59241	 0.03139	 0.03923	 287.00000	 0.00024
0.56920	 0.03061	 0.03864	 331.00000	 0.00047
0.56920	 0.03341	 0.04356	 335.00000	 0.00043
0.56920	 0.03119	 0.03966	 289.00000	 0.00021
0.56920	 0.03094	 0.03923	 335.00000	 0.00000
0.50569	 0.03740	 0.05441	 732.00000	 0.00021
0.50569	 0.03740	 0.05440	 723.00000	 0.00053
0.56920	 0.03984	 0.05486	 909.00000	 0.00050
0.50556	 0.02947	 0.03874	 311.00000	 0.00055
0.56920	 0.03018	 0.03789	 197.00000	 0.00063
0.48147	 0.03626	 0.05377	 927.00000	 0.00133
0.52309	 0.03798	 0.05437	 962.00000	 0.00083
0.50569	 0.03857	 0.05671	 821.00000	 0.00091
0.50556	 0.03629	 0.05221	 962.00000	 0.00091
0.50570	 0.03853	 0.05665	 739.00000	 0.00150
0.62256	 0.03197	 0.03923	 336.00000	 0.00044
0.66972	 0.03547	 0.04310	 305.00000	 0.00077
0.50533	 0.03724	 0.05412	 289.00000	 0.00130
0.56942	 0.03109	 0.03948	 988.00000	 0.00038
0.56920	 0.03094	 0.03923	 448.00000	 0.00004
0.48280	 0.03661	 0.05440	 770.00000	 0.00502
0.60768	 0.03270	 0.04090	 335.00000	 0.00016
0.56920	 0.03094	 0.03923	 397.00000	 0.00011
0.50569	 0.03740	 0.05441	 724.00000	 0.00032
0.56920	 0.03094	 0.03922	 369.00000	 0.00037
0.47138	 0.02906	 0.03923	 352.00000	 0.00031
0.56920	 0.03094	 0.03923	 335.00000	 0.00000
0.56920	 0.03094	 0.03923	 335.00000	 0.00000
0.56920	 0.03094	 0.03923	 335.00000	 0.00000
0.66261	 0.03274	 0.03923	 335.00000	 0.00040
0.57620	 0.03108	 0.03923	 306.00000	 0.00144
0.52063	 0.03791	 0.05441	 739.00000	 0.00062
0.50569	 0.03740	 0.05440	 739.00000	 0.00000
0.50584	 0.03830	 0.05617	 335.00000	 0.00168
0.56906	 0.02999	 0.03755	 808.00000	 0.00022
0.42825	 0.03418	 0.05311	 974.00000	 0.00037
0.50556	 0.03738	 0.05437	 962.00000	 0.00000
0.50569	 0.03765	 0.05490	 713.00000	 0.00084
0.64514	 0.03433	 0.04222	 306.00000	 0.00038
0.67552	 0.04334	 0.05454	 314.00000	 0.00105
0.46703	 0.02890	 0.03905	 969.00000	 0.00040
0.55106	 0.03042	 0.03890	 971.00000	 0.00034
0.57008	 0.03990	 0.05491	 305.00000	 0.00300
0.50569	 0.03689	 0.05340	 937.00000	 0.00059
0.59881	 0.04016	 0.05367	 743.00000	 0.00102
0.50569	 0.03736	 0.05433	 739.00000	 0.00001
0.56920	 0.03221	 0.04145	 335.00000	 0.00042
0.50372	 0.02861	 0.03710	 336.00000	 0.00030
0.49629	 0.03943	 0.05915	 738.00000	 0.00344
0.63339	 0.03057	 0.03669	 335.00000	 0.00015
0.50556	 0.03738	 0.05437	 962.00000	 0.00000
0.58666	 0.03128	 0.03923	 335.00000	 0.00034
0.76677	 0.03203	 0.03569	 306.00000	 0.00039
0.50569	 0.03740	 0.05440	 739.00000	 0.00000
0.50569	 0.03740	 0.05440	 716.00000	 0.00001
0.50555	 0.03739	 0.05441	 744.00000	 0.00001
0.50570	 0.03738	 0.05437	 958.00000	 0.00027
0.56920	 0.03091	 0.03917	 335.00000	 0.00035
0.56920	 0.03094	 0.03923	 346.00000	 0.00094
0.50569	 0.03755	 0.05471	 739.00000	 0.00053
0.56920	 0.03077	 0.03892	 287.00000	 0.00002
0.56734	 0.03971	 0.05474	 358.00000	 0.00187
0.50755	 0.02979	 0.03929	 716.00000	 0.00043
0.56989	 0.03196	 0.04099	 310.00000	 0.00012
0.50486	 0.03737	 0.05440	 795.00000	 0.00052
0.50556	 0.03738	 0.05437	 962.00000	 0.00000
0.50556	 0.03737	 0.05437	 810.00000	 0.00000
0.50556	 0.03739	 0.05441	 969.00000	 0.00009
0.50569	 0.03547	 0.05059	 777.00000	 0.00354
0.50556	 0.03742	 0.05445	 962.00000	 0.00002
0.56920	 0.03090	 0.03915	 335.00000	 0.00032
0.50980	 0.02963	 0.03888	 335.00000	 0.00025
0.56920	 0.03094	 0.03923	 335.00000	 0.00000
0.57062	 0.03097	 0.03923	 335.00000	 0.00001
0.49526	 0.02952	 0.03923	 335.00000	 0.00037
0.56920	 0.03094	 0.03923	 335.00000	 0.00000
0.56920	 0.03094	 0.03923	 335.00000	 0.00000
0.52776	 0.04058	 0.05899	 962.00000	 0.00171
0.50556	 0.03738	 0.05437	 962.00000	 0.00000
0.59990	 0.02817	 0.03362	 335.00000	 0.00018
0.56920	 0.03387	 0.04436	 335.00000	 0.00041
0.50569	 0.03740	 0.05440	 772.00000	 0.00042
0.60826	 0.04093	 0.05440	 739.00000	 0.00055
0.41544	 0.02701	 0.03688	 821.00000	 0.00043
0.66642	 0.04300	 0.05451	 335.00000	 0.00076
0.56922	 0.04008	 0.05528	 335.00000	 0.01092
0.50554	 0.03018	 0.04013	 962.00000	 0.00038
0.68264	 0.04346	 0.05437	 962.00000	 0.00081
0.50556	 0.03738	 0.05437	 962.00000	 0.00000
0.58927	 0.04026	 0.05437	 986.00000	 0.00070
0.56637	 0.03089	 0.03923	 484.00000	 0.00037
0.50556	 0.03893	 0.05745	 917.00000	 0.00148
0.50569	 0.03740	 0.05440	 760.00000	 0.00027
0.42239	 0.03453	 0.05440	 631.00000	 0.00033
0.67282	 0.03294	 0.03923	 306.00000	 0.00002
0.50569	 0.03791	 0.05542	 955.00000	 0.00002
0.50556	 0.03738	 0.05437	 747.00000	 0.00043
0.50569	 0.03740	 0.05441	 718.00000	 0.00069
0.50556	 0.03737	 0.05437	 818.00000	 0.00051
0.58829	 0.03131	 0.03923	 327.00000	 0.00049
0.61391	 0.03162	 0.03893	 289.00000	 0.00040
0.57066	 0.03980	 0.05470	 753.00000	 0.00474
0.50423	 0.02845	 0.03677	 275.00000	 0.00039
0.56920	 0.03094	 0.03923	 323.00000	 0.00007
0.50556	 0.03738	 0.05437	 972.00000	 0.00027
0.50556	 0.03831	 0.05621	 929.00000	 0.00118
0.56920	 0.03094	 0.03923	 331.00000	 0.00052
0.66961	 0.03284	 0.03917	 974.00000	 0.00032
0.48123	 0.03766	 0.05669	 241.00000	 0.00204
0.53012	 0.03019	 0.03923	 286.00000	 0.00023
0.51168	 0.03760	 0.05440	 790.00000	 0.00079
0.50569	 0.03740	 0.05440	 708.00000	 0.00046
0.50569	 0.03740	 0.05440	 739.00000	 0.00000
0.61391	 0.03180	 0.03923	 335.00000	 0.00024
0.56920	 0.03094	 0.03923	 350.00000	 0.00001
0.57718	 0.03986	 0.05440	 323.00000	 0.00178
0.50671	 0.02974	 0.03923	 782.00000	 0.00028
0.50556	 0.03640	 0.05243	 701.00000	 0.00088
0.50570	 0.03738	 0.05437	 962.00000	 0.00003
0.50569	 0.03677	 0.05317	 794.00000	 0.00034
0.50502	 0.03664	 0.05295	 991.00000	 0.00041
0.58967	 0.04029	 0.05440	 739.00000	 0.00041
0.50556	 0.03739	 0.05440	 770.00000	 0.00041
0.56920	 0.03094	 0.03923	 247.00000	 0.00020
