0.16364	 0.02882	 0.07390	 721.00000	 0.00023	 256.00000	 16353773.00000
0.34828	 0.02132	 0.02380	 245.00000	 0.00121	 647.00000	 2484977.50000
0.66057	 0.03026	 0.03554	 611.00000	 0.00032	 448.00000	 3823059.75000
0.90955	 0.03257	 0.03381	 577.00000	 0.00027	 448.00000	 1887517.37500
0.74359	 0.02827	 0.03112	 706.00000	 0.00305	 531.00000	 2912060.00000
0.70770	 0.02106	 0.02150	 844.00000	 0.00081	 777.00000	 1818063.62500
0.19090	 0.02488	 0.04559	 533.00000	 0.00052	 436.00000	 2984027.50000
0.37326	 0.02807	 0.04163	 253.00000	 0.00047	 414.00000	 7390458.00000
0.37045	 0.02202	 0.02545	 306.00000	 0.00069	 657.00000	 1796977.87500
0.92128	 0.04362	 0.04564	 863.00000	 0.00082	 284.00000	 2588059.25000
0.60629	 0.04184	 0.05602	 471.00000	 0.00146	 236.00000	 11020721.00000
0.22276	 0.02050	 0.02225	 241.00000	 0.00107	 706.00000	 2815819.00000
0.35789	 0.03574	 0.06398	 446.00000	 0.02786	 216.00000	 16685828.00000
0.87927	 0.03412	 0.03605	 371.00000	 0.00048	 377.00000	 6198470.00000
0.94839	 0.06694	 0.06949	 902.00000	 0.00048	 377.00000	 6198470.00000
0.81007	 0.03579	 0.03949	 442.00000	 0.00082	 352.00000	 4450551.50000
0.18119	 0.02349	 0.03926	 479.00000	 0.00044	 529.00000	 2978456.50000
0.04651	 0.02184	 0.05965	 419.00000	 0.00682	 381.00000	 10749966.00000
0.10292	 0.02239	 0.04319	 525.00000	 0.00043	 499.00000	 7568760.50000
0.81187	 0.02180	 0.02221	 290.00000	 0.00091	 670.00000	 1796976.62500
0.71233	 0.02940	 0.03320	 556.00000	 0.00035	 494.00000	 1825756.12500
0.87431	 0.06214	 0.06820	 163.00000	 0.02636	 143.00000	 20738258.00000
0.65845	 0.02689	 0.03047	 383.00000	 0.00031	 524.00000	 3807369.75000
0.24119	 0.02333	 0.03382	 407.00000	 0.00038	 566.00000	 3290111.00000
0.58790	 0.04344	 0.05987	 156.00000	 0.03148	 189.00000	 16240227.00000
0.00541	 0.02014	 0.04651	 796.00000	 0.00099	 512.00000	 7590629.50000
0.75419	 0.04843	 0.05770	 116.00000	 0.06562	 158.00000	 27780908.00000
0.57927	 0.05162	 0.07458	 814.00000	 0.04154	 158.00000	 19538366.00000
0.97678	 0.03874	 0.03919	 113.00000	 0.00350	 268.00000	 6234173.00000
0.94019	 0.03615	 0.03718	 389.00000	 0.00031	 383.00000	 4359013.50000
0.34067	 0.02420	 0.03232	 553.00000	 0.00014	 578.00000	 4310093.00000
0.13074	 0.02096	 0.02737	 797.00000	 0.00080	 694.00000	 2345291.50000
0.86355	 0.06450	 0.07154	 584.00000	 0.01840	 148.00000	 16391206.00000
0.83735	 0.04098	 0.04506	 147.00000	 0.00092	 270.00000	 7295850.50000
0.63464	 0.02689	 0.03086	 642.00000	 0.00018	 533.00000	 2029387.37500
0.09658	 0.02157	 0.03622	 849.00000	 0.00018	 533.00000	 2029387.37500
0.95230	 0.06212	 0.06423	 320.00000	 0.00338	 172.00000	 5561750.00000
0.61646	 0.02731	 0.03185	 427.00000	 0.00025	 536.00000	 3274697.25000
0.53188	 0.02556	 0.03045	 225.00000	 0.00060	 517.00000	 3263970.75000
0.70765	 0.05611	 0.07103	 960.00000	 0.07014	 165.00000	 18519912.00000
0.60182	 0.03131	 0.03879	 479.00000	 0.00025	 402.00000	 2069645.62500
0.23994	 0.02373	 0.03554	 623.00000	 0.00033	 540.00000	 3287006.25000
0.94019	 0.03645	 0.03750	 389.00000	 0.00024	 372.00000	 5165308.50000
0.62799	 0.04242	 0.05570	 471.00000	 0.00292	 237.00000	 5253104.50000
0.83735	 0.03709	 0.04041	 499.00000	 0.00072	 357.00000	 1929525.37500
0.71226	 0.02925	 0.03299	 152.00000	 0.00061	 422.00000	 4462191.50000
0.61646	 0.02577	 0.02936	 427.00000	 0.00028	 559.00000	 3768065.75000
0.24119	 0.02333	 0.03382	 407.00000	 0.00038	 566.00000	 3290111.00000
0.63355	 0.04596	 0.06097	 112.00000	 0.04219	 171.00000	 21137520.00000
0.18574	 0.02475	 0.04559	 563.00000	 0.00045	 439.00000	 3835918.75000
0.01203	 0.02032	 0.04651	 796.00000	 0.00079	 503.00000	 7665758.50000
0.61257	 0.02952	 0.03554	 611.00000	 0.00020	 467.00000	 4313292.00000
0.33525	 0.02972	 0.04900	 513.00000	 0.00065	 337.00000	 4125675.00000
0.01311	 0.02022	 0.03704	 787.00000	 0.00085	 564.00000	 7029940.00000
0.73830	 0.02821	 0.03112	 708.00000	 0.00018	 527.00000	 1817501.25000
0.87959	 0.06098	 0.06659	 178.00000	 0.00498	 148.00000	 18482518.00000
0.61656	 0.05372	 0.07469	 814.00000	 0.06084	 158.00000	 26450484.00000
0.35161	 0.03313	 0.05735	 446.00000	 0.00048	 289.00000	 12126849.00000
0.67190	 0.03935	 0.04881	 510.00000	 0.00106	 283.00000	 6419083.00000
0.19090	 0.02170	 0.02891	 556.00000	 0.00083	 653.00000	 1796977.87500
0.10292	 0.02223	 0.04162	 525.00000	 0.00041	 512.00000	 3343627.25000
0.37326	 0.02866	 0.04320	 253.00000	 0.00039	 406.00000	 3331032.00000
0.99660	 0.03912	 0.03919	 113.00000	 0.00529	 280.00000	 6697801.00000
0.58133	 0.04542	 0.06374	 156.00000	 0.00293	 173.00000	 19883262.00000
0.80912	 0.02179	 0.02221	 427.00000	 0.00102	 727.00000	 1796977.87500
0.61921	 0.02734	 0.03185	 290.00000	 0.00038	 501.00000	 1880968.75000
0.58945	 0.05236	 0.07490	 581.00000	 0.06335	 155.00000	 20963084.00000
0.85337	 0.06401	 0.07157	 818.00000	 0.04736	 145.00000	 16879110.00000
0.80236	 0.06065	 0.07066	 960.00000	 0.06089	 155.00000	 16028630.00000
0.94019	 0.03615	 0.03718	 370.00000	 0.00041	 362.00000	 3828671.75000
0.37326	 0.02764	 0.04048	 262.00000	 0.00038	 423.00000	 2677044.00000
0.16364	 0.02892	 0.07451	 712.00000	 0.05006	 239.00000	 16620983.00000
0.13074	 0.02159	 0.03218	 797.00000	 0.00021	 631.00000	 5540416.00000
0.87431	 0.05871	 0.06428	 130.00000	 0.02695	 148.00000	 21615976.00000
0.22276	 0.02042	 0.02189	 247.00000	 0.00112	 696.00000	 2167793.50000
0.33154	 0.02410	 0.03237	 546.00000	 0.00028	 575.00000	 2136383.75000
0.63300	 0.05412	 0.07390	 723.00000	 0.06895	 156.00000	 26560972.00000
0.16528	 0.02180	 0.03086	 639.00000	 0.00007	 605.00000	 3210501.00000
0.13564	 0.02084	 0.02617	 758.00000	 0.00066	 704.00000	 1796976.62500
0.54994	 0.02575	 0.03045	 248.00000	 0.00034	 542.00000	 2786782.00000
0.97891	 0.03583	 0.03617	 729.00000	 0.00094	 376.00000	 4871479.50000
0.08872	 0.02171	 0.03924	 103.00000	 0.01601	 357.00000	 7327192.00000
0.92288	 0.06105	 0.06448	 233.00000	 0.00370	 164.00000	 3917455.25000
0.80175	 0.05940	 0.06915	 960.00000	 0.06718	 176.00000	 21935216.00000
0.76262	 0.05962	 0.07196	 887.00000	 0.04647	 158.00000	 21098110.00000
0.57927	 0.05162	 0.07458	 814.00000	 0.04154	 158.00000	 19538366.00000
0.94019	 0.03029	 0.03094	 388.00000	 0.00032	 489.00000	 2355841.75000
0.63464	 0.03105	 0.03742	 642.00000	 0.00042	 429.00000	 3091765.25000
0.87431	 0.05871	 0.06428	 130.00000	 0.02695	 148.00000	 21615976.00000
0.62268	 0.02968	 0.03554	 611.00000	 0.00036	 453.00000	 3304216.50000
0.87462	 0.06216	 0.06820	 163.00000	 0.02625	 143.00000	 20748930.00000
0.85306	 0.06399	 0.07157	 818.00000	 0.02625	 143.00000	 20748930.00000
0.88505	 0.06654	 0.07259	 583.00000	 0.00490	 143.00000	 15467082.00000
0.60336	 0.02912	 0.03512	 481.00000	 0.00031	 460.00000	 3761257.75000
0.87959	 0.06098	 0.06659	 164.00000	 0.03799	 150.00000	 19391858.00000
0.57927	 0.05162	 0.07458	 824.00000	 0.08097	 161.00000	 20717208.00000
0.87431	 0.06073	 0.06659	 163.00000	 0.00466	 151.00000	 8572145.00000
0.87959	 0.06240	 0.06820	 216.00000	 0.03573	 141.00000	 20115214.00000
0.35091	 0.03562	 0.06450	 585.00000	 0.00375	 235.00000	 9627178.00000
0.75454	 0.05849	 0.07101	 467.00000	 0.03968	 149.00000	 22794940.00000
0.56256	 0.03148	 0.04041	 495.00000	 0.00001	 393.00000	 5571681.00000
0.85047	 0.05391	 0.05987	 156.00000	 0.00001	 393.00000	 5571681.00000
0.09658	 0.02376	 0.05897	 872.00000	 0.00051	 369.00000	 10200585.00000
0.55531	 0.02951	 0.03713	 156.00000	 0.00086	 356.00000	 4060339.75000
0.93999	 0.03734	 0.03845	 560.00000	 0.00068	 369.00000	 2433831.25000
0.89897	 0.03419	 0.03578	 389.00000	 0.00039	 393.00000	 2440872.00000
0.62951	 0.02804	 0.03278	 371.00000	 0.00032	 483.00000	 2534004.00000
0.87775	 0.05134	 0.05570	 471.00000	 0.00107	 204.00000	 4348638.00000
0.42107	 0.03912	 0.06540	 493.00000	 0.00873	 222.00000	 14145551.00000
0.17069	 0.02185	 0.03086	 639.00000	 0.00022	 600.00000	 2330929.50000
0.71376	 0.02611	 0.02856	 428.00000	 0.00020	 563.00000	 2849584.75000
0.33359	 0.02967	 0.04900	 524.00000	 0.00048	 366.00000	 3139609.00000
0.86365	 0.06454	 0.07157	 818.00000	 0.02977	 143.00000	 18583544.00000
0.63760	 0.02693	 0.03087	 642.00000	 0.00003	 529.00000	 4912246.50000
0.88149	 0.03691	 0.03919	 113.00000	 0.00394	 277.00000	 5358130.50000
0.16364	 0.02837	 0.07112	 721.00000	 0.02378	 253.00000	 12455511.00000
0.34067	 0.02420	 0.03232	 553.00000	 0.00014	 578.00000	 4310093.00000
0.16364	 0.02745	 0.06551	 698.00000	 0.00035	 300.00000	 16268834.00000
0.67190	 0.03918	 0.04854	 135.00000	 0.01189	 244.00000	 9974620.00000
0.87431	 0.05813	 0.06361	 593.00000	 0.00200	 180.00000	 6326039.00000
0.67157	 0.04238	 0.05332	 510.00000	 0.00200	 180.00000	 6326039.00000
0.62831	 0.03941	 0.05088	 471.00000	 0.00200	 180.00000	 6326039.00000
0.87044	 0.02993	 0.03141	 658.00000	 0.00016	 484.00000	 1816595.25000
0.60188	 0.04638	 0.06382	 147.00000	 0.02282	 172.00000	 20921364.00000
0.94173	 0.06555	 0.06836	 389.00000	 0.00422	 157.00000	 6997040.50000
0.87805	 0.03522	 0.03734	 166.00000	 0.00054	 334.00000	 2881083.00000
0.16364	 0.02882	 0.07390	 721.00000	 0.00023	 256.00000	 16353773.00000
0.87431	 0.06073	 0.06659	 127.00000	 0.08765	 141.00000	 24995650.00000
0.34067	 0.02420	 0.03232	 553.00000	 0.00014	 578.00000	 4310093.00000
0.56256	 0.03148	 0.04041	 495.00000	 0.00001	 393.00000	 5571681.00000
0.29017	 0.03327	 0.06575	 147.00000	 0.00112	 191.00000	 39217604.00000
0.89227	 0.04205	 0.04472	 493.00000	 0.00018	 284.00000	 5733457.50000
0.18292	 0.02199	 0.03086	 639.00000	 0.00030	 664.00000	 1863336.87500
0.63760	 0.02693	 0.03087	 642.00000	 0.00003	 529.00000	 4912246.50000
0.71376	 0.03438	 0.04015	 497.00000	 0.00016	 375.00000	 4946584.50000
0.61008	 0.02538	 0.02883	 428.00000	 0.00022	 576.00000	 3776496.75000
0.86330	 0.06449	 0.07154	 584.00000	 0.00972	 147.00000	 17359218.00000
0.87487	 0.06217	 0.06820	 163.00000	 0.02627	 142.00000	 20746346.00000
0.85133	 0.05598	 0.06226	 156.00000	 0.02627	 142.00000	 20746346.00000
0.87236	 0.06076	 0.06672	 178.00000	 0.00207	 147.00000	 18818914.00000
0.63464	 0.02689	 0.03086	 625.00000	 0.00028	 529.00000	 2383758.50000
0.60182	 0.03131	 0.03879	 479.00000	 0.00025	 402.00000	 2069645.62500
0.35342	 0.03320	 0.05735	 804.00000	 0.00044	 295.00000	 7731758.50000
0.86184	 0.06444	 0.07157	 460.00000	 0.03825	 149.00000	 19979112.00000
0.19041	 0.02888	 0.06664	 178.00000	 0.08578	 217.00000	 37246228.00000
0.85281	 0.06593	 0.07385	 721.00000	 0.05350	 140.00000	 19619560.00000
0.16528	 0.02180	 0.03086	 639.00000	 0.00007	 605.00000	 3210501.00000
0.60629	 0.04193	 0.05618	 471.00000	 0.00128	 236.00000	 9998560.00000
0.79442	 0.04027	 0.04552	 274.00000	 0.00081	 282.00000	 4095755.75000
0.35497	 0.03711	 0.06820	 493.00000	 0.06715	 205.00000	 30275086.00000
0.87431	 0.06222	 0.06829	 403.00000	 0.01776	 156.00000	 14870727.00000
0.92782	 0.03802	 0.03942	 149.00000	 0.00075	 302.00000	 3744175.25000
0.86365	 0.05719	 0.06306	 836.00000	 0.00249	 193.00000	 5068193.00000
0.85997	 0.06718	 0.07486	 593.00000	 0.04031	 135.00000	 21883848.00000
0.90826	 0.06793	 0.07278	 298.00000	 0.01979	 135.00000	 17233940.00000
0.94019	 0.03623	 0.03727	 588.00000	 0.00014	 384.00000	 4364497.50000
0.85047	 0.05391	 0.05987	 163.00000	 0.01118	 173.00000	 16323379.00000
0.42107	 0.03912	 0.06540	 493.00000	 0.00873	 222.00000	 14145551.00000
0.72765	 0.05311	 0.06551	 698.00000	 0.00379	 200.00000	 9584518.00000
0.00793	 0.02038	 0.06820	 216.00000	 0.00294	 284.00000	 16331759.00000
0.85479	 0.03745	 0.04041	 496.00000	 0.00070	 368.00000	 1796977.87500
0.59024	 0.04107	 0.05570	 470.00000	 0.00106	 249.00000	 7678230.50000
0.19812	 0.02904	 0.06564	 116.00000	 0.19006	 198.00000	 42322436.00000
0.84012	 0.05686	 0.06387	 645.00000	 0.00230	 187.00000	 7268349.00000
0.83070	 0.04120	 0.04552	 217.00000	 0.00028	 274.00000	 5710813.50000
0.88154	 0.06249	 0.06820	 274.00000	 0.01556	 145.00000	 17740790.00000
0.61505	 0.04874	 0.06672	 234.00000	 0.10275	 169.00000	 25730662.00000
0.86988	 0.02978	 0.03124	 589.00000	 0.00019	 480.00000	 2739822.00000
0.87431	 0.05077	 0.05519	 581.00000	 0.00081	 222.00000	 5405530.00000
0.63760	 0.02693	 0.03087	 642.00000	 0.00003	 529.00000	 4912246.50000
0.87963	 0.06098	 0.06659	 146.00000	 0.03101	 138.00000	 17274902.00000
0.89227	 0.04225	 0.04493	 493.00000	 0.00011	 288.00000	 6276350.00000
0.85145	 0.06428	 0.07201	 569.00000	 0.02637	 147.00000	 20748124.00000
0.86318	 0.05607	 0.06179	 172.00000	 0.02637	 147.00000	 20748124.00000
0.93822	 0.03620	 0.03727	 298.00000	 0.00085	 353.00000	 7406717.50000
0.94942	 0.07027	 0.07295	 509.00000	 0.03479	 141.00000	 19136498.00000
0.56638	 0.03389	 0.04452	 479.00000	 0.00033	 339.00000	 4355979.00000
0.95684	 0.03652	 0.03727	 642.00000	 0.00055	 387.00000	 3025573.00000
0.64758	 0.02883	 0.03363	 642.00000	 0.00053	 500.00000	 2197007.75000
0.15366	 0.02769	 0.07002	 707.00000	 0.01699	 255.00000	 16345131.00000
0.61257	 0.02952	 0.03554	 611.00000	 0.00020	 467.00000	 4313292.00000
0.68291	 0.04471	 0.05618	 578.00000	 0.00173	 238.00000	 5620410.50000
0.88532	 0.06719	 0.07330	 572.00000	 0.05452	 142.00000	 20585048.00000
0.85105	 0.05413	 0.06010	 175.00000	 0.00728	 177.00000	 10212495.00000
0.94119	 0.07164	 0.07486	 593.00000	 0.03885	 137.00000	 17600282.00000
0.86471	 0.04137	 0.04472	 493.00000	 0.00061	 306.00000	 6824677.00000
0.56256	 0.03071	 0.03903	 495.00000	 0.00036	 411.00000	 2812875.00000
0.16364	 0.02893	 0.07459	 721.00000	 0.00080	 252.00000	 16299024.00000
0.67458	 0.02733	 0.03087	 331.00000	 0.00006	 500.00000	 4925795.00000
0.95482	 0.06223	 0.06423	 632.00000	 0.00275	 166.00000	 6951063.00000
0.96389	 0.07288	 0.07486	 593.00000	 0.02625	 133.00000	 18896594.00000
0.71218	 0.03435	 0.04015	 497.00000	 0.00031	 369.00000	 4486222.50000
0.87236	 0.03546	 0.03772	 185.00000	 0.00104	 329.00000	 7459702.50000
0.94019	 0.06371	 0.06649	 382.00000	 0.00539	 154.00000	 14047474.00000
0.35161	 0.03311	 0.05729	 446.00000	 0.00048	 289.00000	 12138540.00000
0.82954	 0.05308	 0.05987	 156.00000	 0.01141	 172.00000	 12882906.00000
0.85801	 0.05611	 0.06208	 168.00000	 0.02119	 166.00000	 17526922.00000
0.88390	 0.06779	 0.07407	 586.00000	 0.05024	 139.00000	 18859868.00000
0.87643	 0.03587	 0.03811	 470.00000	 0.00009	 366.00000	 4969215.00000
0.56388	 0.04013	 0.05570	 496.00000	 0.00817	 241.00000	 7768038.00000
0.56051	 0.03144	 0.04041	 496.00000	 0.00000	 393.00000	 5580190.50000
0.60834	 0.04201	 0.05618	 466.00000	 0.00164	 238.00000	 9632545.00000
0.79969	 0.03961	 0.04452	 373.00000	 0.00038	 300.00000	 7271069.50000
0.87848	 0.06820	 0.07486	 593.00000	 0.03825	 132.00000	 19187956.00000
0.94338	 0.07168	 0.07478	 657.00000	 0.04546	 138.00000	 17834318.00000
0.88505	 0.06708	 0.07319	 583.00000	 0.00501	 147.00000	 11495824.00000
0.87970	 0.05993	 0.06539	 146.00000	 0.01139	 142.00000	 17186678.00000
0.89220	 0.04331	 0.04613	 493.00000	 0.00052	 267.00000	 4568165.00000
0.87436	 0.05455	 0.05952	 146.00000	 0.00964	 156.00000	 15342623.00000
0.87989	 0.05953	 0.06492	 163.00000	 0.00964	 156.00000	 15342623.00000
0.87486	 0.06467	 0.07106	 158.00000	 0.01972	 132.00000	 19367394.00000
0.87236	 0.05738	 0.06285	 178.00000	 0.01129	 162.00000	 14891326.00000
0.79662	 0.06371	 0.07486	 593.00000	 0.03308	 140.00000	 18080796.00000
0.94444	 0.03785	 0.03889	 588.00000	 0.00078	 371.00000	 2676938.50000
0.63400	 0.05022	 0.06766	 564.00000	 0.02160	 177.00000	 19497086.00000
0.87791	 0.02902	 0.03028	 593.00000	 0.00053	 514.00000	 1837778.75000
0.63760	 0.02693	 0.03087	 627.00000	 0.00002	 532.00000	 3703785.25000
0.16364	 0.02882	 0.07390	 772.00000	 0.00132	 254.00000	 16393217.00000
0.63760	 0.05148	 0.06937	 639.00000	 0.04877	 169.00000	 24194100.00000
0.88344	 0.03155	 0.03308	 276.00000	 0.00063	 411.00000	 2043757.00000
0.86243	 0.05771	 0.06372	 471.00000	 0.00378	 183.00000	 6813215.50000
0.87771	 0.05308	 0.05769	 593.00000	 0.00091	 208.00000	 3116278.25000
0.88505	 0.03605	 0.03813	 583.00000	 0.00131	 389.00000	 7381406.00000
0.94019	 0.06860	 0.07169	 596.00000	 0.02267	 137.00000	 16754810.00000
0.83228	 0.06471	 0.07372	 647.00000	 0.03356	 141.00000	 19509864.00000
0.57040	 0.03164	 0.04041	 602.00000	 0.00031	 382.00000	 2387104.50000
0.60249	 0.04235	 0.05709	 478.00000	 0.00265	 235.00000	 7660680.50000
0.81460	 0.06380	 0.07376	 590.00000	 0.03268	 143.00000	 18378934.00000
0.87643	 0.03587	 0.03811	 253.00000	 0.00103	 340.00000	 3866054.25000
0.90826	 0.06786	 0.07269	 470.00000	 0.03567	 137.00000	 17592266.00000
0.90826	 0.06855	 0.07345	 298.00000	 0.01805	 130.00000	 17492214.00000
0.89227	 0.04205	 0.04472	 493.00000	 0.00018	 284.00000	 5733457.50000
0.79532	 0.04029	 0.04552	 217.00000	 0.00019	 275.00000	 5691095.50000
0.63760	 0.02673	 0.03055	 642.00000	 0.00021	 547.00000	 1796976.62500
0.86325	 0.06449	 0.07154	 585.00000	 0.03973	 147.00000	 19852760.00000
0.87436	 0.05077	 0.05519	 580.00000	 0.00103	 224.00000	 3507361.50000
0.82600	 0.06003	 0.06847	 274.00000	 0.00551	 147.00000	 15781357.00000
0.93720	 0.07142	 0.07486	 598.00000	 0.04037	 139.00000	 18863158.00000
0.56256	 0.03148	 0.04041	 495.00000	 0.00001	 393.00000	 5571681.00000
0.56256	 0.03061	 0.03886	 636.00000	 0.00005	 426.00000	 1796976.62500
0.87733	 0.03806	 0.04059	 496.00000	 0.00054	 356.00000	 1796976.62500
0.43694	 0.03530	 0.05502	 581.00000	 0.00068	 284.00000	 7867646.50000
0.52244	 0.03066	 0.04041	 496.00000	 0.00027	 395.00000	 4395656.00000
0.87092	 0.04171	 0.04493	 493.00000	 0.00055	 293.00000	 5230288.00000
0.87486	 0.06467	 0.07106	 171.00000	 0.01953	 135.00000	 21588248.00000
0.56256	 0.03148	 0.04041	 506.00000	 0.00013	 402.00000	 4957876.00000
0.56256	 0.03148	 0.04041	 471.00000	 0.00015	 400.00000	 4947132.00000
0.87643	 0.03587	 0.03811	 495.00000	 0.00094	 356.00000	 2574236.00000
0.92427	 0.04304	 0.04493	 493.00000	 0.00030	 278.00000	 5704780.50000
0.96026	 0.06271	 0.06448	 233.00000	 0.02134	 154.00000	 14900623.00000
0.90277	 0.06790	 0.07306	 158.00000	 0.04363	 124.00000	 20888454.00000
0.90260	 0.03579	 0.03750	 430.00000	 0.00104	 365.00000	 4367986.50000
0.20471	 0.03118	 0.07459	 721.00000	 0.02016	 220.00000	 16353241.00000
0.88154	 0.06249	 0.06820	 274.00000	 0.01556	 145.00000	 17740790.00000
0.61310	 0.04674	 0.06361	 593.00000	 0.00452	 203.00000	 6454156.00000
0.87952	 0.03795	 0.04041	 541.00000	 0.00068	 351.00000	 1825985.37500
0.87854	 0.03238	 0.03409	 470.00000	 0.00024	 434.00000	 2810668.00000
0.87637	 0.06819	 0.07499	 593.00000	 0.03674	 132.00000	 19393500.00000
0.88462	 0.06121	 0.06659	 163.00000	 0.00773	 145.00000	 18690452.00000
0.84880	 0.05966	 0.06672	 178.00000	 0.00408	 152.00000	 16235104.00000
0.87775	 0.05134	 0.05570	 471.00000	 0.00107	 204.00000	 4348638.00000
0.88229	 0.03419	 0.03608	 421.00000	 0.00028	 386.00000	 4455227.00000
0.79392	 0.04098	 0.04643	 298.00000	 0.00076	 287.00000	 5941374.50000
0.90966	 0.06776	 0.07250	 217.00000	 0.03505	 131.00000	 19050700.00000
0.61078	 0.02664	 0.03087	 627.00000	 0.00007	 545.00000	 3251452.25000
0.91062	 0.06806	 0.07278	 162.00000	 0.04326	 124.00000	 22585216.00000
0.89404	 0.06672	 0.07225	 601.00000	 0.00839	 142.00000	 15201753.00000
0.62232	 0.02659	 0.03059	 627.00000	 0.00022	 548.00000	 2828128.75000
0.82360	 0.06332	 0.07260	 583.00000	 0.02937	 147.00000	 18652132.00000
0.88505	 0.06768	 0.07387	 583.00000	 0.05804	 143.00000	 20184434.00000
0.15979	 0.02408	 0.04552	 217.00000	 0.00019	 411.00000	 7537080.50000
0.83455	 0.06170	 0.06997	 721.00000	 0.02923	 159.00000	 16414087.00000
0.16364	 0.02882	 0.07390	 721.00000	 0.00023	 256.00000	 16353773.00000
0.91581	 0.06895	 0.07345	 298.00000	 0.01252	 132.00000	 15754222.00000
0.91156	 0.06846	 0.07316	 274.00000	 0.01851	 124.00000	 18960524.00000
0.87805	 0.06819	 0.07488	 621.00000	 0.01929	 131.00000	 17470820.00000
0.86582	 0.03754	 0.04026	 503.00000	 0.00064	 352.00000	 2002993.50000
0.55984	 0.04541	 0.06539	 143.00000	 0.12231	 163.00000	 26549510.00000
0.83094	 0.06385	 0.07278	 606.00000	 0.03269	 140.00000	 18630476.00000
0.78901	 0.06198	 0.07320	 275.00000	 0.08809	 137.00000	 21803860.00000
0.87208	 0.06074	 0.06672	 172.00000	 0.06538	 148.00000	 20964766.00000
0.85208	 0.05891	 0.06566	 601.00000	 0.00336	 169.00000	 5680740.00000
0.88114	 0.06604	 0.07225	 635.00000	 0.04117	 142.00000	 19065584.00000
0.88535	 0.06656	 0.07259	 583.00000	 0.00427	 143.00000	 14662249.00000
0.89427	 0.06723	 0.07282	 473.00000	 0.00759	 146.00000	 14190726.00000
0.60291	 0.03251	 0.04074	 583.00000	 0.00012	 380.00000	 4957990.00000
0.93938	 0.03242	 0.03322	 501.00000	 0.00028	 442.00000	 1907493.25000
0.56130	 0.03146	 0.04041	 583.00000	 0.00040	 397.00000	 3308376.00000
0.87443	 0.05078	 0.05519	 479.00000	 0.00091	 217.00000	 4668365.50000
0.87636	 0.03661	 0.03896	 580.00000	 0.00061	 361.00000	 2011288.62500
0.87695	 0.04491	 0.04840	 620.00000	 0.00035	 256.00000	 5196879.00000
0.83180	 0.06559	 0.07481	 213.00000	 0.02334	 125.00000	 27928530.00000
0.83978	 0.06617	 0.07498	 645.00000	 0.07886	 140.00000	 21493486.00000
0.87764	 0.05826	 0.06360	 621.00000	 0.00243	 182.00000	 7169036.00000
0.91581	 0.06895	 0.07345	 298.00000	 0.01252	 132.00000	 15754222.00000
0.87643	 0.03981	 0.04260	 470.00000	 0.00066	 317.00000	 4124054.00000
0.91000	 0.06827	 0.07305	 162.00000	 0.03147	 122.00000	 20972644.00000
0.88485	 0.05135	 0.05543	 471.00000	 0.00107	 205.00000	 7680890.50000
0.86922	 0.05954	 0.06549	 633.00000	 0.03648	 177.00000	 14986144.00000
0.92237	 0.05873	 0.06199	 129.00000	 0.01322	 158.00000	 16714393.00000
0.92479	 0.06863	 0.07259	 585.00000	 0.02008	 138.00000	 17334384.00000
0.88509	 0.05150	 0.05559	 492.00000	 0.00148	 215.00000	 3314868.00000
0.53404	 0.03042	 0.03951	 481.00000	 0.00010	 412.00000	 4891531.00000
0.84232	 0.05771	 0.06477	 645.00000	 0.00182	 189.00000	 7077560.50000
0.92605	 0.03813	 0.03958	 232.00000	 0.00048	 342.00000	 1820885.50000
0.55939	 0.04488	 0.06448	 496.00000	 0.05470	 207.00000	 20051014.00000
0.87431	 0.05915	 0.06478	 674.00000	 0.00400	 170.00000	 5161768.50000
0.82567	 0.05847	 0.06659	 165.00000	 0.02563	 149.00000	 20158410.00000
0.83070	 0.03619	 0.03949	 236.00000	 0.00042	 350.00000	 3907828.00000
0.52322	 0.03068	 0.04041	 495.00000	 0.00042	 350.00000	 3907828.00000
0.91622	 0.06433	 0.06839	 493.00000	 0.01080	 144.00000	 15664205.00000
0.91156	 0.04618	 0.04872	 254.00000	 0.00126	 245.00000	 6150329.50000
0.89260	 0.04226	 0.04493	 493.00000	 0.00056	 289.00000	 4705675.50000
0.91548	 0.06893	 0.07345	 298.00000	 0.01187	 132.00000	 15773122.00000
0.97578	 0.07180	 0.07309	 466.00000	 0.04486	 134.00000	 18615724.00000
0.54872	 0.03259	 0.04294	 304.00000	 0.00038	 362.00000	 5015136.00000
0.91178	 0.06430	 0.06858	 274.00000	 0.01218	 141.00000	 15479822.00000
0.87948	 0.06675	 0.07316	 146.00000	 0.07030	 121.00000	 25997706.00000
0.91062	 0.06801	 0.07272	 162.00000	 0.04269	 123.00000	 22311278.00000
0.87236	 0.06080	 0.06677	 178.00000	 0.04269	 123.00000	 22311278.00000
0.91531	 0.07027	 0.07493	 496.00000	 0.01723	 135.00000	 16797238.00000
0.56100	 0.03197	 0.04133	 298.00000	 0.00060	 347.00000	 3234926.00000
0.86809	 0.05886	 0.06477	 671.00000	 0.00378	 179.00000	 9743796.00000
0.94134	 0.07159	 0.07481	 157.00000	 0.12032	 119.00000	 27165342.00000
0.91096	 0.06765	 0.07230	 389.00000	 0.03100	 140.00000	 16956312.00000
0.93985	 0.03760	 0.03872	 162.00000	 0.00094	 318.00000	 2694996.00000
0.91098	 0.06182	 0.06591	 146.00000	 0.00377	 143.00000	 14982047.00000
0.87872	 0.06616	 0.07253	 162.00000	 0.07311	 128.00000	 18823180.00000
0.87782	 0.05182	 0.05624	 498.00000	 0.00130	 208.00000	 2529203.25000
0.87229	 0.06080	 0.06677	 144.00000	 0.01776	 147.00000	 18698766.00000
0.58339	 0.03226	 0.04101	 495.00000	 0.00042	 390.00000	 2327009.50000
0.80151	 0.06298	 0.07362	 146.00000	 0.02051	 119.00000	 25965858.00000
0.88505	 0.03770	 0.04000	 589.00000	 0.00071	 359.00000	 2135609.00000
0.56256	 0.04979	 0.07296	 552.00000	 0.07238	 161.00000	 22767576.00000
0.87231	 0.05270	 0.05748	 177.00000	 0.00964	 190.00000	 10762842.00000
0.87777	 0.06124	 0.06698	 619.00000	 0.02942	 167.00000	 15114591.00000
0.78282	 0.03997	 0.04552	 487.00000	 0.00046	 295.00000	 5153826.50000
0.89227	 0.04503	 0.04805	 222.00000	 0.00091	 243.00000	 5117121.50000
0.89404	 0.06680	 0.07235	 601.00000	 0.00830	 143.00000	 15128741.00000
0.83070	 0.04120	 0.04552	 217.00000	 0.00028	 274.00000	 5710813.50000
0.16364	 0.02870	 0.07317	 721.00000	 0.00007	 257.00000	 16488897.00000
0.87948	 0.06801	 0.07459	 110.00000	 0.11361	 114.00000	 41147464.00000
0.89227	 0.04225	 0.04493	 493.00000	 0.00011	 288.00000	 6276350.00000
0.56256	 0.03148	 0.04041	 495.00000	 0.00001	 393.00000	 5571681.00000
0.87643	 0.03587	 0.03811	 505.00000	 0.00026	 371.00000	 3725840.00000
0.63319	 0.03293	 0.04041	 437.00000	 0.00015	 385.00000	 4931373.00000
0.91492	 0.06824	 0.07272	 362.00000	 0.02292	 134.00000	 16937662.00000
0.87169	 0.06066	 0.06665	 162.00000	 0.00109	 144.00000	 20448024.00000
0.77963	 0.05938	 0.07051	 213.00000	 0.06940	 151.00000	 23521490.00000
0.91000	 0.06827	 0.07305	 162.00000	 0.03147	 122.00000	 20972644.00000
0.77079	 0.03349	 0.03750	 582.00000	 0.00030	 404.00000	 3463258.75000
0.93311	 0.06069	 0.06361	 399.00000	 0.00125	 194.00000	 7648720.50000
0.91269	 0.06800	 0.07259	 583.00000	 0.03319	 141.00000	 19008870.00000
0.87431	 0.04701	 0.05090	 628.00000	 0.00076	 252.00000	 4604656.50000
0.88505	 0.06546	 0.07136	 601.00000	 0.01995	 148.00000	 16999400.00000
0.87643	 0.04004	 0.04286	 470.00000	 0.00055	 311.00000	 6855121.50000
0.83070	 0.05917	 0.06715	 217.00000	 0.07883	 143.00000	 19616434.00000
0.87236	 0.04218	 0.04542	 178.00000	 0.00007	 255.00000	 6302223.50000
0.79531	 0.04799	 0.05519	 506.00000	 0.00236	 219.00000	 4479695.00000
0.59782	 0.03220	 0.04041	 496.00000	 0.00045	 389.00000	 3831755.00000
0.96251	 0.06419	 0.06591	 135.00000	 0.00045	 389.00000	 3831755.00000
0.16364	 0.02872	 0.07332	 721.00000	 0.00005	 256.00000	 16384755.00000
0.76426	 0.05875	 0.07071	 147.00000	 0.07062	 134.00000	 26722170.00000
0.87528	 0.05430	 0.05919	 554.00000	 0.00144	 203.00000	 8224123.00000
0.86643	 0.05329	 0.05842	 185.00000	 0.00144	 203.00000	 8224123.00000
0.87772	 0.06098	 0.06668	 586.00000	 0.01132	 157.00000	 13000724.00000
0.16364	 0.02870	 0.07317	 721.00000	 0.00007	 257.00000	 16488897.00000
0.94134	 0.07159	 0.07481	 157.00000	 0.12032	 119.00000	 27165342.00000
0.89041	 0.06140	 0.06650	 585.00000	 0.00324	 160.00000	 10378785.00000
0.90527	 0.04584	 0.04854	 176.00000	 0.00324	 160.00000	 10378785.00000
0.85408	 0.03869	 0.04188	 621.00000	 0.00072	 335.00000	 4200755.50000
0.56051	 0.04970	 0.07299	 505.00000	 0.07757	 157.00000	 23583848.00000
0.90864	 0.04807	 0.05090	 311.00000	 0.00065	 238.00000	 8552191.00000
0.87393	 0.06743	 0.07428	 615.00000	 0.04284	 141.00000	 19525516.00000
0.86059	 0.06619	 0.07368	 426.00000	 0.07200	 137.00000	 22087994.00000
0.93113	 0.05931	 0.06221	 298.00000	 0.07200	 137.00000	 22087994.00000
0.55070	 0.04724	 0.06947	 146.00000	 0.03218	 148.00000	 23608128.00000
0.80643	 0.03890	 0.04343	 496.00000	 0.00065	 330.00000	 4155841.25000
0.91000	 0.03799	 0.03977	 213.00000	 0.00042	 324.00000	 6840041.50000
0.56256	 0.05014	 0.07357	 495.00000	 0.08625	 154.00000	 28912844.00000
0.91034	 0.04544	 0.04795	 222.00000	 0.00073	 251.00000	 2652809.50000
0.89194	 0.06739	 0.07313	 135.00000	 0.05798	 126.00000	 27012108.00000
0.87761	 0.05072	 0.05501	 480.00000	 0.00106	 216.00000	 3416144.50000
0.91170	 0.06847	 0.07316	 274.00000	 0.01763	 124.00000	 18748398.00000
0.56256	 0.03148	 0.04041	 495.00000	 0.00001	 393.00000	 5571681.00000
0.89404	 0.06672	 0.07225	 601.00000	 0.00839	 142.00000	 15201753.00000
0.87454	 0.04702	 0.05090	 612.00000	 0.00102	 254.00000	 4676489.00000
0.81285	 0.05690	 0.06539	 146.00000	 0.08104	 149.00000	 28044702.00000
0.94935	 0.04322	 0.04446	 138.00000	 0.00170	 227.00000	 10892216.00000
0.55022	 0.04471	 0.06490	 500.00000	 0.00279	 213.00000	 16301283.00000
0.86557	 0.03749	 0.04020	 493.00000	 0.00065	 359.00000	 1796976.62500
0.56256	 0.03076	 0.03912	 496.00000	 0.00011	 402.00000	 5549612.00000
0.87627	 0.03609	 0.03836	 136.00000	 0.00125	 323.00000	 3984485.75000
0.88421	 0.06673	 0.07285	 499.00000	 0.03599	 132.00000	 19982052.00000
0.87236	 0.06388	 0.07030	 149.00000	 0.04805	 135.00000	 21327220.00000
0.91548	 0.06327	 0.06726	 298.00000	 0.01759	 151.00000	 15708120.00000
0.95538	 0.06836	 0.07062	 162.00000	 0.03841	 128.00000	 20182626.00000
0.89330	 0.04227	 0.04493	 493.00000	 0.00047	 282.00000	 6840013.50000
0.87146	 0.05067	 0.05519	 487.00000	 0.00143	 223.00000	 11213797.00000
0.87465	 0.06080	 0.06665	 154.00000	 0.01070	 148.00000	 12277259.00000
0.94596	 0.06114	 0.06349	 399.00000	 0.00233	 167.00000	 7919002.50000
0.89042	 0.06744	 0.07328	 257.00000	 0.02757	 131.00000	 21370922.00000
0.94134	 0.07088	 0.07405	 222.00000	 0.04390	 133.00000	 22715308.00000
0.98491	 0.04810	 0.04853	 295.00000	 0.00139	 240.00000	 3361591.75000
0.90955	 0.05184	 0.05501	 424.00000	 0.00255	 215.00000	 3399429.25000
0.87863	 0.06778	 0.07438	 162.00000	 0.06145	 119.00000	 20511078.00000
0.91098	 0.06359	 0.06785	 239.00000	 0.00381	 145.00000	 14370513.00000
0.92131	 0.06254	 0.06617	 162.00000	 0.00149	 141.00000	 20258326.00000
0.87541	 0.06719	 0.07390	 601.00000	 0.03985	 135.00000	 21932572.00000
0.80151	 0.06298	 0.07362	 145.00000	 0.08556	 121.00000	 22339072.00000
0.80151	 0.06298	 0.07362	 146.00000	 0.02051	 119.00000	 25965858.00000
0.87236	 0.06076	 0.06672	 143.00000	 0.01865	 140.00000	 19541652.00000
0.94134	 0.07159	 0.07481	 157.00000	 0.12032	 119.00000	 27165342.00000
0.87169	 0.06016	 0.06608	 162.00000	 0.00463	 149.00000	 17247340.00000
0.87431	 0.05135	 0.05586	 593.00000	 0.00186	 213.00000	 3815354.25000
0.16364	 0.02768	 0.06691	 708.00000	 0.00044	 289.00000	 10182429.00000
0.93363	 0.07117	 0.07481	 157.00000	 0.04939	 123.00000	 22619384.00000
0.54979	 0.03122	 0.04041	 496.00000	 0.00012	 394.00000	 4946760.00000
0.84412	 0.03723	 0.04041	 497.00000	 0.00082	 369.00000	 2891110.50000
0.54131	 0.04408	 0.06449	 398.00000	 0.05637	 201.00000	 17601670.00000
0.57348	 0.04051	 0.05576	 490.00000	 0.00123	 249.00000	 7779153.00000
0.86339	 0.03714	 0.03985	 582.00000	 0.00074	 364.00000	 2184899.50000
0.91034	 0.06960	 0.07448	 233.00000	 0.04340	 123.00000	 21245794.00000
0.87948	 0.04302	 0.04617	 146.00000	 0.00480	 235.00000	 8977571.00000
0.91098	 0.06182	 0.06591	 272.00000	 0.02873	 153.00000	 16864468.00000
0.91156	 0.06106	 0.06505	 146.00000	 0.00414	 144.00000	 20593902.00000
0.55460	 0.04925	 0.07273	 266.00000	 0.12826	 156.00000	 20915724.00000
0.86127	 0.03815	 0.04107	 369.00000	 0.00068	 344.00000	 1827125.50000
0.10976	 0.02584	 0.07316	 152.00000	 0.05212	 197.00000	 44611572.00000
0.87948	 0.06676	 0.07317	 708.00000	 0.00368	 152.00000	 15902935.00000
0.87736	 0.06654	 0.07305	 468.00000	 0.04360	 138.00000	 20446348.00000
0.91039	 0.05250	 0.05570	 168.00000	 0.00571	 187.00000	 9188616.00000
0.56256	 0.02967	 0.03719	 495.00000	 0.00040	 440.00000	 3304675.00000
0.88828	 0.05874	 0.06361	 593.00000	 0.00198	 180.00000	 6231978.00000
0.93107	 0.06950	 0.07317	 734.00000	 0.02514	 137.00000	 17179460.00000
0.11679	 0.02414	 0.05543	 458.00000	 0.00053	 376.00000	 16226866.00000
0.87917	 0.06708	 0.07355	 341.00000	 0.09062	 132.00000	 16728118.00000
0.91000	 0.06864	 0.07345	 162.00000	 0.03436	 125.00000	 19325742.00000
0.63408	 0.03330	 0.04097	 515.00000	 0.00031	 375.00000	 3277662.75000
0.91170	 0.06841	 0.07310	 274.00000	 0.01672	 124.00000	 18660544.00000
0.54798	 0.05007	 0.07488	 501.00000	 0.07895	 154.00000	 25689574.00000
0.82204	 0.04502	 0.05044	 189.00000	 0.07895	 154.00000	 25689574.00000
0.87417	 0.06782	 0.07470	 208.00000	 0.05802	 122.00000	 20761100.00000
0.70981	 0.04508	 0.05533	 578.00000	 0.00174	 236.00000	 5804188.50000
0.80361	 0.06273	 0.07317	 305.00000	 0.07817	 139.00000	 19118622.00000
0.88490	 0.06745	 0.07362	 139.00000	 0.06243	 113.00000	 22664058.00000
0.91170	 0.06841	 0.07310	 274.00000	 0.01672	 124.00000	 18660544.00000
0.91312	 0.06771	 0.07225	 601.00000	 0.02741	 137.00000	 18496132.00000
0.91548	 0.06893	 0.07345	 298.00000	 0.01187	 132.00000	 15773122.00000
0.94134	 0.07159	 0.07481	 132.00000	 0.10271	 121.00000	 22377112.00000
0.55921	 0.03092	 0.03952	 471.00000	 0.00009	 404.00000	 5532215.00000
0.87775	 0.05134	 0.05570	 495.00000	 0.00009	 404.00000	 5532215.00000
0.90737	 0.04804	 0.05090	 292.00000	 0.00130	 229.00000	 3285150.75000
0.88075	 0.06682	 0.07316	 146.00000	 0.07013	 121.00000	 25943468.00000
0.87899	 0.06795	 0.07455	 132.00000	 0.05364	 122.00000	 21609954.00000
0.16326	 0.02866	 0.07304	 721.00000	 0.00004	 256.00000	 16429272.00000
0.55954	 0.03179	 0.04107	 495.00000	 0.00008	 387.00000	 5590036.00000
0.92433	 0.06207	 0.06552	 162.00000	 0.02526	 154.00000	 15939797.00000
0.63492	 0.03317	 0.04074	 137.00000	 0.00130	 302.00000	 11064650.00000
0.56256	 0.04994	 0.07322	 495.00000	 0.07524	 158.00000	 24303610.00000
0.91867	 0.06873	 0.07305	 124.00000	 0.10143	 105.00000	 35356212.00000
0.91173	 0.06977	 0.07459	 271.00000	 0.01941	 127.00000	 16635557.00000
0.94134	 0.07159	 0.07481	 162.00000	 0.09363	 129.00000	 23781810.00000
0.96748	 0.06253	 0.06396	 157.00000	 0.00026	 156.00000	 10573638.00000
0.93523	 0.06078	 0.06361	 500.00000	 0.00076	 192.00000	 4223980.00000
0.79939	 0.06286	 0.07362	 344.00000	 0.08268	 138.00000	 22522770.00000
0.97917	 0.07206	 0.07317	 623.00000	 0.03303	 135.00000	 18576794.00000
0.15269	 0.02809	 0.07295	 299.00000	 0.05036	 216.00000	 17083234.00000
0.56256	 0.03148	 0.04041	 516.00000	 0.00013	 394.00000	 3682793.25000
0.87236	 0.06076	 0.06672	 163.00000	 0.00863	 151.00000	 16057960.00000
0.91170	 0.06664	 0.07116	 274.00000	 0.00314	 128.00000	 15602970.00000
0.87499	 0.06652	 0.07316	 146.00000	 0.06605	 121.00000	 26103694.00000
0.54979	 0.04542	 0.06623	 396.00000	 0.06605	 121.00000	 26103694.00000
0.91098	 0.03830	 0.04009	 131.00000	 0.00622	 294.00000	 6638717.00000
0.88791	 0.06133	 0.06654	 346.00000	 0.00158	 150.00000	 11813995.00000
0.83443	 0.06474	 0.07362	 146.00000	 0.10705	 119.00000	 37532288.00000
0.99533	 0.07443	 0.07469	 701.00000	 0.03298	 132.00000	 16991586.00000
0.94491	 0.05723	 0.05940	 152.00000	 0.00793	 170.00000	 11473728.00000
0.55001	 0.03123	 0.04041	 475.00000	 0.00030	 402.00000	 2011618.00000
0.56029	 0.03144	 0.04041	 496.00000	 0.00004	 395.00000	 5554180.00000
0.89218	 0.06813	 0.07395	 151.00000	 0.04234	 120.00000	 20352932.00000
0.56051	 0.03156	 0.04063	 507.00000	 0.00037	 386.00000	 2800629.00000
0.91248	 0.06891	 0.07360	 146.00000	 0.05612	 118.00000	 25203562.00000
0.79904	 0.06239	 0.07305	 162.00000	 0.14050	 126.00000	 40666880.00000
0.91000	 0.06966	 0.07457	 162.00000	 0.06543	 118.00000	 23003680.00000
0.91173	 0.06838	 0.07306	 322.00000	 0.03293	 129.00000	 19693492.00000
0.17071	 0.02878	 0.07141	 233.00000	 0.19398	 206.00000	 40357436.00000
0.86423	 0.06105	 0.06750	 741.00000	 0.00464	 172.00000	 6566339.50000
0.89404	 0.06867	 0.07444	 589.00000	 0.01687	 134.00000	 18616270.00000
0.81335	 0.06259	 0.07237	 149.00000	 0.07600	 127.00000	 23664336.00000
0.91548	 0.06891	 0.07342	 298.00000	 0.01249	 132.00000	 15768070.00000
0.94134	 0.07162	 0.07484	 172.00000	 0.02592	 124.00000	 19574116.00000
0.94134	 0.07159	 0.07481	 162.00000	 0.09363	 129.00000	 23781810.00000
0.16364	 0.02870	 0.07317	 728.00000	 0.00005	 263.00000	 11072565.00000
0.91170	 0.06600	 0.07046	 274.00000	 0.01116	 134.00000	 15858738.00000
0.90864	 0.04871	 0.05160	 311.00000	 0.00039	 234.00000	 6371040.00000
0.93079	 0.06880	 0.07243	 797.00000	 0.01970	 139.00000	 17122350.00000
0.14233	 0.02759	 0.07331	 162.00000	 0.04551	 190.00000	 45257364.00000
0.62627	 0.04870	 0.06583	 498.00000	 0.00614	 196.00000	 16171504.00000
0.54979	 0.03144	 0.04081	 394.00000	 0.00047	 388.00000	 2908703.75000
0.90864	 0.05994	 0.06396	 154.00000	 0.01849	 156.00000	 15490838.00000
0.96748	 0.04990	 0.05090	 334.00000	 0.00088	 234.00000	 4277598.00000
0.00828	 0.02044	 0.07340	 712.00000	 0.01944	 313.00000	 16878644.00000
0.63548	 0.03297	 0.04041	 566.00000	 0.00032	 378.00000	 3263238.50000
0.17573	 0.02444	 0.04526	 177.00000	 0.00018	 393.00000	 6935367.00000
0.85101	 0.06530	 0.07323	 721.00000	 0.09737	 148.00000	 16867438.00000
0.87436	 0.06755	 0.07438	 584.00000	 0.05225	 134.00000	 21375184.00000
0.87857	 0.04900	 0.05301	 160.00000	 0.00314	 195.00000	 8997871.00000
0.56256	 0.03148	 0.04041	 495.00000	 0.00001	 393.00000	 5571681.00000
0.87431	 0.05077	 0.05519	 598.00000	 0.00148	 216.00000	 4044226.50000
0.56051	 0.05049	 0.07439	 496.00000	 0.13040	 153.00000	 27769518.00000
0.94134	 0.04080	 0.04209	 157.00000	 0.00065	 278.00000	 5180293.50000
0.91034	 0.04616	 0.04874	 222.00000	 0.00049	 241.00000	 4376063.50000
0.80151	 0.05880	 0.06841	 146.00000	 0.01302	 142.00000	 16307208.00000
0.85840	 0.06564	 0.07317	 721.00000	 0.03014	 146.00000	 18133066.00000
0.17973	 0.02939	 0.07225	 601.00000	 0.00184	 257.00000	 16386486.00000
0.88490	 0.03862	 0.04104	 505.00000	 0.00075	 340.00000	 1826406.50000
0.56256	 0.04977	 0.07292	 144.00000	 0.32755	 128.00000	 70509480.00000
0.96816	 0.07191	 0.07362	 138.00000	 0.03452	 110.00000	 21628264.00000
0.88422	 0.05887	 0.06396	 158.00000	 0.00926	 149.00000	 11656466.00000
0.80151	 0.06298	 0.07362	 146.00000	 0.02051	 119.00000	 25965858.00000
0.94134	 0.07162	 0.07484	 172.00000	 0.02592	 124.00000	 19574116.00000
0.55812	 0.04836	 0.07081	 651.00000	 0.07073	 168.00000	 21324988.00000
0.91465	 0.03893	 0.04069	 146.00000	 0.00352	 270.00000	 5586792.00000
0.91170	 0.06664	 0.07116	 264.00000	 0.01052	 139.00000	 15273981.00000
0.56256	 0.03148	 0.04041	 544.00000	 0.00044	 395.00000	 1992842.12500
0.92066	 0.06967	 0.07395	 151.00000	 0.06444	 124.00000	 20400788.00000
0.88429	 0.06662	 0.07272	 150.00000	 0.05308	 121.00000	 22155486.00000
0.56051	 0.03144	 0.04041	 591.00000	 0.00050	 393.00000	 3354960.00000
0.91170	 0.06698	 0.07153	 263.00000	 0.04271	 134.00000	 20064816.00000
0.49606	 0.03070	 0.04157	 236.00000	 0.00051	 375.00000	 3918045.75000
0.91006	 0.06592	 0.07046	 495.00000	 0.02236	 139.00000	 18207880.00000
0.88636	 0.06062	 0.06583	 162.00000	 0.01222	 146.00000	 15750286.00000
0.89982	 0.06781	 0.07313	 146.00000	 0.04714	 125.00000	 20088388.00000
0.91000	 0.06827	 0.07305	 204.00000	 0.02876	 132.00000	 18780658.00000
0.91170	 0.06366	 0.06789	 274.00000	 0.00789	 138.00000	 18437734.00000
0.16611	 0.02900	 0.07416	 728.00000	 0.00065	 258.00000	 11108717.00000
0.86988	 0.04323	 0.04671	 178.00000	 0.00182	 241.00000	 7101679.00000
0.87852	 0.06817	 0.07484	 172.00000	 0.10834	 122.00000	 20681682.00000
0.93523	 0.06078	 0.06361	 500.00000	 0.00076	 192.00000	 4223980.00000
0.95693	 0.07263	 0.07500	 138.00000	 0.07987	 111.00000	 26622132.00000
0.89613	 0.06805	 0.07362	 212.00000	 0.03727	 122.00000	 20445896.00000
0.91578	 0.04872	 0.05136	 308.00000	 0.00075	 241.00000	 3706750.25000
0.15633	 0.02831	 0.07317	 724.00000	 0.05234	 234.00000	 16400525.00000
0.80207	 0.06264	 0.07316	 272.00000	 0.09803	 139.00000	 24127932.00000
0.16326	 0.02856	 0.07240	 677.00000	 0.02277	 234.00000	 16484827.00000
0.91548	 0.06891	 0.07342	 298.00000	 0.01249	 132.00000	 15768070.00000
0.56051	 0.03144	 0.04041	 473.00000	 0.00053	 375.00000	 3350666.50000
0.90865	 0.06997	 0.07500	 315.00000	 0.02372	 128.00000	 16627184.00000
0.91401	 0.04533	 0.04772	 200.00000	 0.00058	 238.00000	 5074413.50000
0.96748	 0.06253	 0.06396	 157.00000	 0.00026	 156.00000	 10573638.00000
0.52728	 0.03076	 0.04041	 446.00000	 0.00038	 374.00000	 2848882.00000
0.15524	 0.02717	 0.06617	 205.00000	 0.02373	 253.00000	 12649648.00000
0.92934	 0.06148	 0.06463	 721.00000	 0.00404	 168.00000	 10756768.00000
0.91000	 0.06827	 0.07305	 138.00000	 0.05250	 117.00000	 23919002.00000
0.96816	 0.07258	 0.07431	 162.00000	 0.02459	 122.00000	 18987504.00000
0.97172	 0.03723	 0.03773	 161.00000	 0.00046	 320.00000	 4616554.50000
0.48487	 0.04105	 0.06341	 525.00000	 0.00246	 223.00000	 9722339.00000
0.87236	 0.06682	 0.07367	 109.00000	 0.03168	 118.00000	 33808328.00000
0.16326	 0.02417	 0.04556	 778.00000	 0.00026	 480.00000	 2811553.00000
0.91170	 0.06380	 0.06804	 322.00000	 0.00026	 480.00000	 2811553.00000
0.11924	 0.02634	 0.07314	 718.00000	 0.00009	 272.00000	 16860110.00000
0.95693	 0.07061	 0.07289	 138.00000	 0.06029	 118.00000	 23794510.00000
0.93523	 0.06121	 0.06406	 500.00000	 0.00084	 189.00000	 3942806.25000
0.16326	 0.02866	 0.07304	 496.00000	 0.19909	 218.00000	 40654608.00000
0.50574	 0.03032	 0.04041	 721.00000	 0.00033	 411.00000	 3877435.00000
0.54972	 0.04845	 0.07175	 539.00000	 0.06000	 173.00000	 22119614.00000
0.89713	 0.03917	 0.04137	 147.00000	 0.00048	 287.00000	 8322486.00000
0.89840	 0.03834	 0.04041	 424.00000	 0.00067	 343.00000	 4226745.50000
0.56088	 0.05006	 0.07360	 146.00000	 0.05793	 134.00000	 29957468.00000
0.56029	 0.03144	 0.04041	 516.00000	 0.00013	 395.00000	 3681306.75000
0.80151	 0.06298	 0.07362	 146.00000	 0.02051	 119.00000	 25965858.00000
0.52739	 0.03232	 0.04335	 277.00000	 0.00040	 348.00000	 4450434.00000
0.82511	 0.06386	 0.07316	 400.00000	 0.03075	 143.00000	 17625780.00000
0.86086	 0.06632	 0.07380	 715.00000	 0.03627	 142.00000	 20113362.00000
0.93313	 0.06022	 0.06310	 152.00000	 0.00094	 156.00000	 17344300.00000
0.95693	 0.07139	 0.07370	 138.00000	 0.06143	 114.00000	 23714888.00000
0.96816	 0.07319	 0.07493	 138.00000	 0.06859	 109.00000	 23255482.00000
0.16414	 0.02871	 0.07309	 274.00000	 0.16101	 197.00000	 35537252.00000
0.91110	 0.06845	 0.07318	 728.00000	 0.01936	 140.00000	 17308096.00000
0.90562	 0.06809	 0.07310	 274.00000	 0.02155	 125.00000	 19164228.00000
0.98681	 0.06430	 0.06490	 157.00000	 0.00691	 147.00000	 15585735.00000
0.96757	 0.06425	 0.06573	 135.00000	 0.00834	 142.00000	 19003858.00000
0.88482	 0.06747	 0.07365	 139.00000	 0.06667	 120.00000	 26908710.00000
0.88429	 0.06662	 0.07272	 159.00000	 0.01082	 120.00000	 34554060.00000
0.56051	 0.03071	 0.03911	 496.00000	 0.00024	 404.00000	 4360856.50000
0.91170	 0.06841	 0.07310	 266.00000	 0.01916	 137.00000	 17501484.00000
0.57031	 0.03164	 0.04041	 503.00000	 0.00002	 394.00000	 5564696.50000
0.91157	 0.06664	 0.07116	 256.00000	 0.01982	 138.00000	 17667516.00000
0.87249	 0.04171	 0.04488	 178.00000	 0.00006	 261.00000	 6876076.00000
0.96816	 0.07204	 0.07376	 116.00000	 0.05004	 116.00000	 23863406.00000
0.56256	 0.03148	 0.04041	 480.00000	 0.00042	 384.00000	 3374253.50000
0.80270	 0.06374	 0.07449	 146.00000	 0.03545	 116.00000	 29345244.00000
0.90881	 0.06821	 0.07305	 138.00000	 0.05234	 117.00000	 23934698.00000
0.07779	 0.02221	 0.04835	 721.00000	 0.00324	 477.00000	 8754499.00000
0.84852	 0.06523	 0.07330	 177.00000	 0.03724	 136.00000	 22308896.00000
0.85841	 0.06631	 0.07395	 721.00000	 0.03719	 139.00000	 20097768.00000
0.19737	 0.03049	 0.07317	 151.00000	 0.14405	 176.00000	 51008452.00000
0.91225	 0.05977	 0.06359	 157.00000	 0.01368	 150.00000	 12306020.00000
0.96855	 0.06403	 0.06546	 576.00000	 0.00220	 168.00000	 8422447.00000
0.96816	 0.07319	 0.07493	 219.00000	 0.01858	 125.00000	 19078290.00000
0.90567	 0.06869	 0.07376	 106.00000	 0.04211	 113.00000	 22728448.00000
0.87375	 0.04221	 0.04542	 178.00000	 0.00031	 255.00000	 5768541.00000
0.96677	 0.07197	 0.07376	 116.00000	 0.05003	 116.00000	 23866764.00000
0.87236	 0.06076	 0.06672	 178.00000	 0.00207	 147.00000	 18818914.00000
0.52437	 0.03070	 0.04041	 496.00000	 0.00012	 395.00000	 4975136.00000
0.56388	 0.04848	 0.07051	 529.00000	 0.11263	 173.00000	 21585440.00000
0.91038	 0.03881	 0.04066	 274.00000	 0.11263	 173.00000	 21585440.00000
0.91160	 0.06888	 0.07362	 132.00000	 0.01633	 127.00000	 16637229.00000
0.88500	 0.06652	 0.07256	 274.00000	 0.00273	 129.00000	 15647970.00000
0.88791	 0.06437	 0.06998	 138.00000	 0.03253	 131.00000	 21126792.00000
0.97393	 0.06543	 0.06665	 347.00000	 0.00513	 152.00000	 9439912.00000
0.95585	 0.06168	 0.06361	 493.00000	 0.00410	 164.00000	 9108037.00000
0.93632	 0.07150	 0.07500	 145.00000	 0.04244	 117.00000	 16473237.00000
0.93275	 0.06068	 0.06361	 472.00000	 0.00547	 173.00000	 4974712.00000
0.98081	 0.07390	 0.07496	 166.00000	 0.01629	 130.00000	 18165742.00000
0.83445	 0.06562	 0.07467	 160.00000	 0.01219	 122.00000	 20468476.00000
0.95693	 0.07139	 0.07371	 138.00000	 0.06142	 114.00000	 23714156.00000
0.57357	 0.03171	 0.04041	 167.00000	 0.00047	 357.00000	 4461535.00000
0.91030	 0.06203	 0.06617	 479.00000	 0.00268	 160.00000	 4248577.50000
0.16364	 0.02870	 0.07317	 517.00000	 0.17179	 220.00000	 43516196.00000
0.56256	 0.03056	 0.03876	 720.00000	 0.00033	 425.00000	 3831348.50000
0.90352	 0.06845	 0.07362	 138.00000	 0.05190	 117.00000	 24163118.00000
0.72282	 0.05971	 0.07494	 146.00000	 0.13347	 123.00000	 31422880.00000
0.86653	 0.06601	 0.07310	 279.00000	 0.02762	 137.00000	 18588024.00000
0.53803	 0.03105	 0.04054	 490.00000	 0.00031	 397.00000	 2035751.62500
0.93313	 0.06022	 0.06310	 152.00000	 0.00094	 156.00000	 17344300.00000
0.80270	 0.06374	 0.07449	 146.00000	 0.03545	 116.00000	 29345244.00000
0.11347	 0.02605	 0.07331	 721.00000	 0.00843	 277.00000	 17066452.00000
0.16326	 0.02866	 0.07304	 721.00000	 0.00004	 259.00000	 16479637.00000
0.96816	 0.07258	 0.07431	 162.00000	 0.02459	 122.00000	 18987504.00000
0.56051	 0.03144	 0.04041	 484.00000	 0.00011	 397.00000	 3713722.25000
0.92840	 0.06298	 0.06630	 427.00000	 0.01211	 156.00000	 14837152.00000
0.92131	 0.04900	 0.05147	 162.00000	 0.00123	 210.00000	 4921189.50000
0.85284	 0.06690	 0.07500	 178.00000	 0.10220	 124.00000	 35375008.00000
0.95677	 0.06470	 0.06672	 181.00000	 0.01401	 136.00000	 16165815.00000
0.97864	 0.06302	 0.06396	 157.00000	 0.00494	 140.00000	 15478826.00000
0.96749	 0.07194	 0.07369	 126.00000	 0.05133	 120.00000	 16349479.00000
0.90864	 0.04418	 0.04661	 311.00000	 0.00066	 262.00000	 4117703.25000
0.20879	 0.03137	 0.07448	 744.00000	 0.01751	 217.00000	 16287106.00000
0.93167	 0.06419	 0.06743	 161.00000	 0.02916	 134.00000	 12888360.00000
0.87524	 0.06119	 0.06706	 476.00000	 0.02271	 159.00000	 16853902.00000
0.80151	 0.05999	 0.06990	 146.00000	 0.02881	 137.00000	 22694098.00000
0.86915	 0.06720	 0.07431	 162.00000	 0.02837	 122.00000	 20036824.00000
0.80270	 0.05935	 0.06903	 146.00000	 0.06643	 136.00000	 22173792.00000
0.90567	 0.06935	 0.07449	 106.00000	 0.01522	 114.00000	 22582040.00000
0.81697	 0.06467	 0.07467	 145.00000	 0.00118	 121.00000	 20500568.00000
0.80270	 0.06389	 0.07468	 211.00000	 0.05655	 120.00000	 25327452.00000
0.94230	 0.06139	 0.06393	 157.00000	 0.00241	 141.00000	 14434826.00000
0.96817	 0.07191	 0.07362	 138.00000	 0.03452	 110.00000	 21628264.00000
0.91562	 0.04908	 0.05176	 337.00000	 0.00068	 233.00000	 6116236.50000
0.90850	 0.06840	 0.07327	 298.00000	 0.01710	 135.00000	 19030934.00000
0.16364	 0.02870	 0.07317	 150.00000	 0.33967	 187.00000	 75636944.00000
0.96816	 0.07258	 0.07431	 740.00000	 0.02752	 138.00000	 19061578.00000
0.95693	 0.07199	 0.07433	 138.00000	 0.03685	 114.00000	 23557550.00000
0.96748	 0.06302	 0.06447	 157.00000	 0.00450	 142.00000	 15405208.00000
0.83445	 0.06562	 0.07467	 138.00000	 0.39215	 114.00000	 70847200.00000
0.12350	 0.02655	 0.07304	 721.00000	 0.00012	 284.00000	 16820432.00000
0.13911	 0.02613	 0.06407	 152.00000	 0.42845	 235.00000	 60207240.00000
0.94093	 0.06991	 0.07304	 721.00000	 0.05268	 137.00000	 17964618.00000
0.51197	 0.03020	 0.03993	 492.00000	 0.00037	 416.00000	 3800593.00000
0.80231	 0.06326	 0.07392	 149.00000	 0.04450	 122.00000	 23410320.00000
0.89150	 0.06120	 0.06621	 274.00000	 0.01073	 152.00000	 16551484.00000
0.92131	 0.06709	 0.07111	 162.00000	 0.02582	 125.00000	 20654012.00000
0.91170	 0.06797	 0.07262	 274.00000	 0.03146	 127.00000	 20295454.00000
0.91170	 0.06597	 0.07042	 274.00000	 0.01873	 134.00000	 17122594.00000
0.93523	 0.06121	 0.06406	 508.00000	 0.00112	 192.00000	 4574344.50000
0.98355	 0.07258	 0.07346	 153.00000	 0.03626	 128.00000	 21534050.00000
0.93671	 0.07146	 0.07493	 138.00000	 0.06335	 113.00000	 22351984.00000
0.91548	 0.06820	 0.07265	 298.00000	 0.01740	 133.00000	 18698320.00000
0.87062	 0.06576	 0.07256	 264.00000	 0.10509	 138.00000	 20015726.00000
0.57694	 0.03266	 0.04195	 505.00000	 0.00022	 381.00000	 4353302.00000
0.80270	 0.06374	 0.07449	 146.00000	 0.03545	 116.00000	 29345244.00000
0.88500	 0.06652	 0.07256	 234.00000	 0.02563	 136.00000	 21655026.00000
0.55821	 0.04989	 0.07355	 728.00000	 0.10770	 159.00000	 26947964.00000
0.16798	 0.02329	 0.03960	 495.00000	 0.00004	 525.00000	 4905509.50000
0.98901	 0.07371	 0.07431	 178.00000	 0.06345	 125.00000	 22126424.00000
0.93411	 0.04375	 0.04542	 161.00000	 0.00316	 251.00000	 4901003.50000
0.96816	 0.07004	 0.07169	 162.00000	 0.01270	 125.00000	 17769304.00000
0.96816	 0.07322	 0.07497	 138.00000	 0.11639	 108.00000	 23823280.00000
0.96748	 0.07306	 0.07485	 158.00000	 0.05117	 115.00000	 22346452.00000
0.80270	 0.05501	 0.06362	 116.00000	 0.00113	 143.00000	 21609778.00000
0.80552	 0.06376	 0.07433	 138.00000	 0.04004	 117.00000	 30239778.00000
0.95411	 0.07217	 0.07468	 211.00000	 0.07878	 121.00000	 22418326.00000
0.88416	 0.06701	 0.07317	 693.00000	 0.03992	 140.00000	 21777650.00000
0.18508	 0.03008	 0.07448	 126.00000	 0.41309	 166.00000	 74395368.00000
0.87484	 0.06524	 0.07171	 283.00000	 0.41309	 166.00000	 74395368.00000
0.97165	 0.04416	 0.04486	 168.00000	 0.00066	 260.00000	 2317343.00000
0.54875	 0.03126	 0.04051	 494.00000	 0.00038	 395.00000	 1977260.75000
0.97847	 0.06405	 0.06502	 154.00000	 0.02600	 146.00000	 14977811.00000
0.16326	 0.02878	 0.07381	 718.00000	 0.05650	 240.00000	 16369429.00000
0.50579	 0.02972	 0.03922	 498.00000	 0.00036	 419.00000	 3295636.25000
0.96816	 0.07191	 0.07362	 138.00000	 0.03452	 110.00000	 21628264.00000
0.80270	 0.06374	 0.07449	 133.00000	 0.02694	 126.00000	 18919440.00000
0.82851	 0.06293	 0.07181	 213.00000	 0.00642	 137.00000	 23055054.00000
0.24949	 0.02394	 0.03580	 623.00000	 0.00030	 536.00000	 3293458.50000
0.95693	 0.07247	 0.07483	 138.00000	 0.03693	 115.00000	 22271914.00000
0.56256	 0.03101	 0.03957	 514.00000	 0.00023	 409.00000	 4352722.00000
0.93775	 0.07041	 0.07376	 106.00000	 0.04903	 111.00000	 25970924.00000
0.93495	 0.06077	 0.06361	 500.00000	 0.00076	 192.00000	 4224949.50000
0.52179	 0.03004	 0.03923	 495.00000	 0.00036	 423.00000	 2359488.50000
0.14002	 0.02743	 0.07304	 721.00000	 0.04107	 246.00000	 16479068.00000
0.96816	 0.07324	 0.07499	 138.00000	 0.11630	 108.00000	 23802386.00000
0.95344	 0.07112	 0.07362	 138.00000	 0.03203	 119.00000	 20610690.00000
0.93615	 0.07143	 0.07493	 137.00000	 0.01562	 110.00000	 25039230.00000
0.96872	 0.07322	 0.07493	 123.00000	 0.05820	 106.00000	 29229116.00000
0.24212	 0.03299	 0.07365	 170.00000	 0.05820	 106.00000	 29229116.00000
0.94055	 0.06008	 0.06262	 749.00000	 0.00240	 174.00000	 2602988.25000
0.17142	 0.02924	 0.07392	 702.00000	 0.00160	 250.00000	 16277911.00000
0.96004	 0.07159	 0.07373	 148.00000	 0.05567	 124.00000	 25157388.00000
0.54799	 0.03119	 0.04041	 495.00000	 0.00036	 403.00000	 3475835.75000
0.90007	 0.06950	 0.07500	 138.00000	 0.02578	 111.00000	 19275780.00000
0.80295	 0.06305	 0.07362	 146.00000	 0.11799	 117.00000	 28167794.00000
0.81676	 0.06466	 0.07467	 145.00000	 0.00157	 121.00000	 20489756.00000
0.56995	 0.03447	 0.04539	 173.00000	 0.00048	 308.00000	 6728501.50000
0.86431	 0.03767	 0.04044	 496.00000	 0.00073	 351.00000	 1796976.62500
0.83445	 0.06562	 0.07467	 177.00000	 0.08895	 130.00000	 24086870.00000
0.87236	 0.04218	 0.04542	 160.00000	 0.00161	 239.00000	 5881675.00000
0.96612	 0.07177	 0.07358	 146.00000	 0.06706	 121.00000	 24399166.00000
0.80474	 0.06022	 0.06998	 138.00000	 0.01276	 130.00000	 20262796.00000
0.97165	 0.04105	 0.04166	 497.00000	 0.00063	 323.00000	 3742553.00000
0.56256	 0.03390	 0.04471	 218.00000	 0.00030	 316.00000	 7470615.50000
0.80292	 0.06356	 0.07425	 152.00000	 0.04631	 129.00000	 21919678.00000
0.94320	 0.06066	 0.06310	 146.00000	 0.04824	 155.00000	 15289926.00000
0.93539	 0.06880	 0.07217	 137.00000	 0.03404	 113.00000	 22609444.00000
0.96891	 0.07323	 0.07493	 138.00000	 0.06659	 109.00000	 23181592.00000
0.96872	 0.07322	 0.07494	 118.00000	 0.04340	 115.00000	 21755256.00000
0.93615	 0.07146	 0.07497	 122.00000	 0.11596	 108.00000	 27620964.00000
0.56719	 0.05106	 0.07476	 502.00000	 0.10620	 155.00000	 29063688.00000
0.97571	 0.03583	 0.03622	 106.00000	 0.00907	 259.00000	 6110627.00000
0.99896	 0.04193	 0.04195	 504.00000	 0.00021	 292.00000	 5767222.50000
0.55942	 0.04950	 0.07273	 138.00000	 0.12389	 129.00000	 47397284.00000
0.79208	 0.06356	 0.07499	 500.00000	 0.03250	 137.00000	 18532990.00000
0.94467	 0.06324	 0.06577	 109.00000	 0.03447	 137.00000	 20646670.00000
0.84714	 0.03937	 0.04286	 150.00000	 0.01281	 256.00000	 11601035.00000
0.87966	 0.06836	 0.07497	 160.00000	 0.04477	 117.00000	 22299210.00000
0.92120	 0.06253	 0.06617	 151.00000	 0.02630	 143.00000	 16537471.00000
0.90578	 0.06935	 0.07449	 106.00000	 0.01520	 114.00000	 22584384.00000
0.95842	 0.04383	 0.04486	 168.00000	 0.00232	 247.00000	 5654585.50000
0.95025	 0.07112	 0.07380	 138.00000	 0.13146	 117.00000	 43181144.00000
0.10707	 0.02589	 0.07497	 729.00000	 0.00653	 264.00000	 17157536.00000
0.92704	 0.06993	 0.07386	 132.00000	 0.03355	 125.00000	 18247880.00000
0.14434	 0.02774	 0.07365	 173.00000	 0.09811	 185.00000	 50806712.00000
0.16280	 0.02888	 0.07452	 725.00000	 0.06087	 233.00000	 16434379.00000
0.96872	 0.07327	 0.07499	 123.00000	 0.05825	 106.00000	 29347022.00000
0.96816	 0.07321	 0.07496	 138.00000	 0.11408	 110.00000	 24717070.00000
0.13671	 0.02267	 0.03950	 138.00000	 0.00662	 395.00000	 13611172.00000
0.98676	 0.07292	 0.07363	 495.00000	 0.02609	 132.00000	 18941172.00000
0.16326	 0.02866	 0.07304	 721.00000	 0.00004	 259.00000	 16479637.00000
0.84854	 0.05730	 0.06396	 157.00000	 0.00214	 154.00000	 14411768.00000
0.16326	 0.02357	 0.04188	 721.00000	 0.00034	 514.00000	 2803235.00000
0.56051	 0.04889	 0.07155	 496.00000	 0.08081	 169.00000	 19712042.00000
0.23020	 0.03235	 0.07365	 170.00000	 0.09362	 177.00000	 52351816.00000
0.91189	 0.07015	 0.07500	 151.00000	 0.08468	 124.00000	 20101310.00000
0.80738	 0.05549	 0.06396	 157.00000	 0.00897	 151.00000	 15905604.00000
0.97684	 0.07341	 0.07467	 145.00000	 0.11826	 114.00000	 30588230.00000
0.80151	 0.05974	 0.06958	 146.00000	 0.02820	 139.00000	 19252650.00000
0.16798	 0.02329	 0.03960	 495.00000	 0.00004	 525.00000	 4905509.50000
0.91554	 0.04908	 0.05176	 337.00000	 0.00068	 233.00000	 6116308.50000
0.56264	 0.03149	 0.04041	 588.00000	 0.00016	 403.00000	 3189043.00000
0.96751	 0.06253	 0.06396	 123.00000	 0.06100	 134.00000	 18962716.00000
0.96870	 0.07328	 0.07500	 157.00000	 0.08253	 121.00000	 21532996.00000
0.88809	 0.06712	 0.07305	 145.00000	 0.01287	 119.00000	 29190958.00000
0.16195	 0.02885	 0.07466	 721.00000	 0.00078	 247.00000	 16304212.00000
0.16326	 0.02866	 0.07304	 736.00000	 0.04776	 242.00000	 16477642.00000
0.24212	 0.03299	 0.07365	 155.00000	 0.12949	 161.00000	 50284720.00000
0.94205	 0.06150	 0.06406	 138.00000	 0.01247	 130.00000	 16300282.00000
0.90766	 0.06881	 0.07378	 164.00000	 0.06247	 127.00000	 23536624.00000
0.56171	 0.03228	 0.04187	 495.00000	 0.00044	 372.00000	 2340220.75000
0.93699	 0.06969	 0.07303	 122.00000	 0.06136	 111.00000	 16749850.00000
0.93775	 0.07137	 0.07478	 106.00000	 0.00480	 110.00000	 31077736.00000
0.93615	 0.07143	 0.07493	 137.00000	 0.01562	 110.00000	 25039230.00000
0.95311	 0.05235	 0.05394	 337.00000	 0.00161	 210.00000	 3147314.50000
0.91465	 0.06992	 0.07458	 195.00000	 0.04744	 128.00000	 18471144.00000
0.18566	 0.03015	 0.07467	 501.00000	 0.22641	 196.00000	 43158028.00000
0.82916	 0.03663	 0.04006	 197.00000	 0.00029	 326.00000	 5145569.00000
0.94650	 0.03855	 0.03960	 133.00000	 0.00175	 308.00000	 4008913.25000
0.18774	 0.03009	 0.07374	 501.00000	 0.12989	 208.00000	 29269142.00000
0.62940	 0.03284	 0.04041	 411.00000	 0.00058	 366.00000	 2988716.00000
0.96249	 0.05459	 0.05594	 196.00000	 0.00058	 366.00000	 2988716.00000
0.55091	 0.02990	 0.03798	 150.00000	 0.00162	 356.00000	 6368795.00000
0.97925	 0.07380	 0.07494	 522.00000	 0.03848	 130.00000	 18569696.00000
0.56256	 0.03148	 0.04041	 520.00000	 0.00023	 388.00000	 6196606.50000
0.07993	 0.02424	 0.07304	 721.00000	 0.00892	 294.00000	 16729894.00000
0.90007	 0.06949	 0.07498	 700.00000	 0.02913	 136.00000	 17071886.00000
0.12350	 0.02655	 0.07303	 160.00000	 0.05922	 194.00000	 48937172.00000
0.16798	 0.02329	 0.03960	 495.00000	 0.00004	 525.00000	 4905509.50000
0.93523	 0.05566	 0.05813	 500.00000	 0.00162	 202.00000	 3591975.75000
0.93605	 0.06947	 0.07285	 137.00000	 0.03985	 111.00000	 24258890.00000
0.91488	 0.04906	 0.05176	 315.00000	 0.00078	 226.00000	 6263910.50000
0.21910	 0.03181	 0.07390	 167.00000	 0.09182	 170.00000	 51837428.00000
0.96269	 0.07290	 0.07495	 125.00000	 0.06783	 110.00000	 24925674.00000
0.56051	 0.03144	 0.04041	 496.00000	 0.00000	 393.00000	 5580190.50000
0.98698	 0.07292	 0.07362	 138.00000	 0.09617	 109.00000	 27714906.00000
0.94053	 0.07172	 0.07499	 123.00000	 0.09943	 105.00000	 27627762.00000
0.96873	 0.07197	 0.07364	 211.00000	 0.04710	 122.00000	 18783792.00000
0.18463	 0.03009	 0.07467	 149.00000	 0.04710	 122.00000	 18783792.00000
0.69032	 0.05670	 0.07317	 724.00000	 0.06050	 155.00000	 21857938.00000
0.93615	 0.07146	 0.07497	 122.00000	 0.11601	 108.00000	 27623732.00000
0.96891	 0.07323	 0.07494	 115.00000	 0.01909	 111.00000	 32482128.00000
0.75837	 0.06166	 0.07493	 137.00000	 0.07360	 112.00000	 32224624.00000
0.93794	 0.07128	 0.07467	 136.00000	 0.08733	 120.00000	 24986414.00000
0.89861	 0.06897	 0.07450	 735.00000	 0.02402	 136.00000	 17362892.00000
0.15764	 0.02836	 0.07304	 142.00000	 0.39026	 180.00000	 80534432.00000
0.17916	 0.02950	 0.07304	 721.00000	 0.00073	 264.00000	 11277939.00000
0.54985	 0.03144	 0.04080	 440.00000	 0.00001	 391.00000	 5625695.50000
0.24212	 0.03299	 0.07365	 170.00000	 0.00001	 391.00000	 5625695.50000
0.93523	 0.05566	 0.05813	 500.00000	 0.00162	 202.00000	 3591975.75000
0.71399	 0.03785	 0.04501	 495.00000	 0.00055	 332.00000	 2350809.75000
0.48545	 0.02991	 0.04041	 496.00000	 0.00028	 429.00000	 2121924.75000
0.56256	 0.05067	 0.07451	 137.00000	 0.04351	 122.00000	 33991792.00000
0.84112	 0.03593	 0.03894	 504.00000	 0.00030	 371.00000	 3778276.00000
0.18965	 0.02376	 0.03985	 717.00000	 0.00035	 534.00000	 2835285.00000
0.57296	 0.05039	 0.07304	 524.00000	 0.07619	 154.00000	 21005812.00000
0.54396	 0.03256	 0.04309	 463.00000	 0.00040	 364.00000	 2826735.75000
0.56051	 0.03144	 0.04041	 514.00000	 0.00015	 401.00000	 4989132.50000
0.93615	 0.07062	 0.07407	 175.00000	 0.00708	 127.00000	 16961736.00000
0.94205	 0.06427	 0.06700	 138.00000	 0.06420	 122.00000	 25396794.00000
0.94058	 0.07167	 0.07493	 136.00000	 0.09445	 121.00000	 17554928.00000
0.93610	 0.07148	 0.07499	 124.00000	 0.07873	 110.00000	 27528680.00000
0.96891	 0.07323	 0.07493	 138.00000	 0.06659	 109.00000	 23181592.00000
0.16364	 0.02880	 0.07381	 681.00000	 0.06659	 109.00000	 23181592.00000
0.94005	 0.07133	 0.07461	 152.00000	 0.08354	 127.00000	 23192720.00000
0.96871	 0.06195	 0.06330	 123.00000	 0.03299	 134.00000	 15387828.00000
0.87236	 0.04067	 0.04370	 178.00000	 0.00071	 277.00000	 6313213.00000
0.93523	 0.06114	 0.06398	 500.00000	 0.00077	 191.00000	 4230983.50000
0.93615	 0.07143	 0.07493	 117.00000	 0.04485	 111.00000	 26681938.00000
0.88809	 0.06712	 0.07305	 145.00000	 0.01287	 119.00000	 29190958.00000
0.94033	 0.04986	 0.05176	 337.00000	 0.00073	 227.00000	 6331489.50000
0.91574	 0.06856	 0.07302	 123.00000	 0.05607	 106.00000	 27002768.00000
0.91666	 0.06908	 0.07355	 133.00000	 0.09023	 128.00000	 28339966.00000
0.94187	 0.05767	 0.05999	 138.00000	 0.01508	 151.00000	 15401794.00000
0.98363	 0.07404	 0.07493	 155.00000	 0.06314	 118.00000	 20209530.00000
0.93615	 0.07146	 0.07497	 121.00000	 0.04372	 117.00000	 25107518.00000
0.96748	 0.07281	 0.07458	 158.00000	 0.05054	 115.00000	 22491508.00000
0.98828	 0.06367	 0.06419	 140.00000	 0.05054	 115.00000	 22491508.00000
0.96872	 0.07328	 0.07500	 152.00000	 0.04286	 125.00000	 18832784.00000
0.93313	 0.06494	 0.06816	 233.00000	 0.04491	 146.00000	 20523992.00000
0.56256	 0.03116	 0.03983	 495.00000	 0.00018	 400.00000	 4959031.50000
0.91554	 0.04908	 0.05176	 303.00000	 0.00028	 236.00000	 3792617.25000
0.81699	 0.06467	 0.07467	 145.00000	 0.00118	 121.00000	 20500866.00000
0.83599	 0.06571	 0.07467	 145.00000	 0.07719	 118.00000	 25667606.00000
0.91574	 0.06856	 0.07302	 123.00000	 0.05607	 106.00000	 27002768.00000
0.23987	 0.03287	 0.07365	 170.00000	 0.13743	 171.00000	 52528444.00000
0.93615	 0.07148	 0.07499	 137.00000	 0.10048	 109.00000	 25774906.00000
0.93615	 0.07143	 0.07493	 137.00000	 0.01562	 110.00000	 25039230.00000
0.16364	 0.02868	 0.07302	 619.00000	 0.19722	 222.00000	 39873716.00000
0.93615	 0.07148	 0.07499	 137.00000	 0.10062	 109.00000	 25789014.00000
0.89878	 0.06943	 0.07500	 109.00000	 0.05883	 114.00000	 20305324.00000
0.99651	 0.07480	 0.07499	 122.00000	 0.04879	 103.00000	 23240324.00000
0.56051	 0.03151	 0.04054	 170.00000	 0.00020	 345.00000	 5633569.50000
0.87236	 0.04310	 0.04648	 503.00000	 0.00046	 280.00000	 5140265.00000
0.23589	 0.03074	 0.06552	 170.00000	 0.10150	 207.00000	 27368934.00000
0.92734	 0.06975	 0.07365	 162.00000	 0.01869	 122.00000	 18505368.00000
0.56347	 0.03150	 0.04041	 136.00000	 0.00051	 345.00000	 9408897.00000
0.93756	 0.06812	 0.07133	 521.00000	 0.02582	 140.00000	 17221256.00000
0.16326	 0.02337	 0.04063	 717.00000	 0.00033	 520.00000	 2786349.50000
0.56256	 0.05048	 0.07418	 396.00000	 0.04064	 155.00000	 24271578.00000
0.96872	 0.04035	 0.04101	 123.00000	 0.00170	 258.00000	 6075429.50000
0.69637	 0.05794	 0.07449	 495.00000	 0.09315	 148.00000	 22853038.00000
0.93615	 0.07064	 0.07410	 179.00000	 0.01256	 129.00000	 17045976.00000
0.91574	 0.06854	 0.07300	 118.00000	 0.03466	 121.00000	 21180084.00000
0.94475	 0.04930	 0.05102	 721.00000	 0.00049	 251.00000	 2539358.50000
0.19630	 0.03055	 0.07373	 337.00000	 0.18281	 203.00000	 40567588.00000
0.90721	 0.06232	 0.06665	 143.00000	 0.00322	 138.00000	 18719550.00000
0.52498	 0.03315	 0.04505	 512.00000	 0.00041	 369.00000	 1796976.62500
0.96692	 0.07317	 0.07499	 138.00000	 0.12030	 112.00000	 22345158.00000
0.88932	 0.06716	 0.07303	 145.00000	 0.07648	 122.00000	 29671578.00000
0.88974	 0.06720	 0.07305	 145.00000	 0.07744	 121.00000	 23952070.00000
0.55886	 0.03141	 0.04041	 511.00000	 0.00034	 385.00000	 3290231.75000
0.90071	 0.06953	 0.07499	 123.00000	 0.10516	 105.00000	 22474772.00000
0.96808	 0.07324	 0.07500	 138.00000	 0.11629	 108.00000	 23801382.00000
0.98438	 0.07222	 0.07305	 144.00000	 0.01461	 115.00000	 19163038.00000
0.88553	 0.06865	 0.07493	 124.00000	 0.05253	 106.00000	 23132408.00000
0.97917	 0.07193	 0.07303	 185.00000	 0.04728	 116.00000	 26911694.00000
0.11130	 0.02602	 0.07409	 711.00000	 0.00960	 264.00000	 16879494.00000
0.93523	 0.06079	 0.06362	 118.00000	 0.00592	 145.00000	 15363869.00000
0.96872	 0.07019	 0.07181	 505.00000	 0.01098	 143.00000	 17441488.00000
0.94489	 0.03951	 0.04064	 440.00000	 0.00041	 330.00000	 5251213.00000
0.54102	 0.04870	 0.07305	 233.00000	 0.11881	 147.00000	 26230692.00000
0.87104	 0.06331	 0.06972	 158.00000	 0.02060	 132.00000	 19579464.00000
0.92195	 0.06259	 0.06620	 162.00000	 0.00181	 143.00000	 20149030.00000
0.90071	 0.06953	 0.07499	 123.00000	 0.10516	 105.00000	 22474772.00000
0.87169	 0.06223	 0.06845	 106.00000	 0.01072	 126.00000	 15955635.00000
0.88553	 0.06865	 0.07494	 124.00000	 0.05253	 106.00000	 23162204.00000
0.88834	 0.06713	 0.07305	 145.00000	 0.07736	 121.00000	 23995438.00000
0.91165	 0.03861	 0.04041	 496.00000	 0.00064	 349.00000	 2025577.75000
0.55988	 0.03423	 0.04542	 178.00000	 0.00084	 310.00000	 10565303.00000
0.93615	 0.07145	 0.07495	 137.00000	 0.04568	 112.00000	 23646196.00000
0.93615	 0.07143	 0.07493	 140.00000	 0.09759	 118.00000	 30861932.00000
0.79349	 0.06207	 0.07302	 122.00000	 0.03263	 113.00000	 28705776.00000
0.91144	 0.03628	 0.03786	 496.00000	 0.00019	 382.00000	 4342618.50000
0.56051	 0.03189	 0.04121	 560.00000	 0.00093	 389.00000	 3747059.75000
0.58099	 0.03186	 0.04041	 495.00000	 0.00006	 389.00000	 5579436.00000
0.94667	 0.05007	 0.05176	 729.00000	 0.00059	 239.00000	 5148609.00000
0.91370	 0.04834	 0.05102	 330.00000	 0.00134	 237.00000	 5209480.00000
0.78880	 0.03610	 0.04041	 109.00000	 0.00690	 266.00000	 5503071.50000
0.53919	 0.04479	 0.06597	 507.00000	 0.00395	 201.00000	 16159399.00000
0.94053	 0.06838	 0.07144	 123.00000	 0.08995	 106.00000	 22343850.00000
0.80270	 0.06097	 0.07105	 116.00000	 0.00632	 125.00000	 16706549.00000
0.82571	 0.06514	 0.07467	 311.00000	 0.06709	 139.00000	 21621638.00000
0.90864	 0.05170	 0.05488	 123.00000	 0.00708	 171.00000	 11320017.00000
0.55056	 0.04923	 0.07310	 147.00000	 0.06090	 142.00000	 25833754.00000
0.81629	 0.03802	 0.04208	 438.00000	 0.00064	 348.00000	 2149044.50000
0.94231	 0.03908	 0.04024	 495.00000	 0.00080	 335.00000	 4240181.50000
0.56498	 0.03759	 0.05114	 721.00000	 0.00060	 300.00000	 8271114.00000
0.97959	 0.05088	 0.05152	 137.00000	 0.00481	 187.00000	 7236127.00000
0.93634	 0.07129	 0.07478	 303.00000	 0.03514	 131.00000	 20581718.00000
0.99313	 0.07430	 0.07467	 171.00000	 0.02266	 118.00000	 16647008.00000
0.82011	 0.06436	 0.07409	 123.00000	 0.06742	 113.00000	 44470168.00000
0.95472	 0.07245	 0.07493	 124.00000	 0.09746	 103.00000	 41911356.00000
0.53279	 0.03126	 0.04114	 468.00000	 0.00043	 392.00000	 3010651.25000
0.17501	 0.02389	 0.04224	 440.00000	 0.00043	 494.00000	 1796976.62500
0.59804	 0.05084	 0.07157	 721.00000	 0.05961	 169.00000	 23266496.00000
0.89040	 0.05771	 0.06235	 146.00000	 0.00047	 151.00000	 17694740.00000
0.96516	 0.06660	 0.06828	 144.00000	 0.00904	 130.00000	 23848994.00000
0.93484	 0.07141	 0.07499	 122.00000	 0.09817	 106.00000	 22461292.00000
0.99651	 0.06295	 0.06310	 137.00000	 0.05891	 135.00000	 25362588.00000
0.99651	 0.07480	 0.07499	 111.00000	 0.01667	 112.00000	 17037164.00000
0.56256	 0.03816	 0.05228	 509.00000	 0.00070	 283.00000	 10308465.00000
0.04324	 0.02229	 0.07307	 825.00000	 0.01218	 300.00000	 16751656.00000
0.81699	 0.06380	 0.07361	 145.00000	 0.04360	 127.00000	 16859580.00000
0.81774	 0.06496	 0.07498	 145.00000	 0.04992	 122.00000	 23451318.00000
0.88479	 0.06820	 0.07448	 124.00000	 0.05403	 107.00000	 24345140.00000
0.56051	 0.03144	 0.04041	 496.00000	 0.00000	 393.00000	 5580190.50000
0.94105	 0.06056	 0.06310	 152.00000	 0.01330	 153.00000	 16049349.00000
0.16685	 0.02885	 0.07305	 226.00000	 0.04038	 189.00000	 41256360.00000
0.88485	 0.06705	 0.07317	 723.00000	 0.03928	 136.00000	 21907322.00000
0.90478	 0.06976	 0.07499	 123.00000	 0.09812	 103.00000	 21471808.00000
0.59020	 0.03233	 0.04089	 496.00000	 0.00025	 383.00000	 4343376.50000
0.93615	 0.07143	 0.07493	 137.00000	 0.01562	 110.00000	 25039230.00000
0.94169	 0.06721	 0.07013	 158.00000	 0.05422	 131.00000	 20243914.00000
0.15489	 0.02773	 0.06994	 728.00000	 0.02554	 251.00000	 16527637.00000
0.91437	 0.03980	 0.04166	 119.00000	 0.01151	 241.00000	 8303108.00000
0.92429	 0.07035	 0.07448	 105.00000	 0.08895	 111.00000	 28562350.00000
0.90567	 0.05876	 0.06279	 146.00000	 0.00191	 155.00000	 13451026.00000
0.99536	 0.07474	 0.07499	 122.00000	 0.04935	 104.00000	 23141684.00000
0.92199	 0.07024	 0.07449	 106.00000	 0.00366	 116.00000	 21150484.00000
0.56256	 0.03148	 0.04041	 495.00000	 0.00001	 393.00000	 5571681.00000
0.56051	 0.03144	 0.04041	 449.00000	 0.00043	 388.00000	 1796976.62500
0.53743	 0.03097	 0.04041	 501.00000	 0.00039	 401.00000	 2768192.75000
0.89617	 0.06754	 0.07305	 171.00000	 0.07136	 130.00000	 20421282.00000
0.90071	 0.06953	 0.07499	 123.00000	 0.10516	 105.00000	 22474772.00000
0.99651	 0.07480	 0.07499	 122.00000	 0.04879	 103.00000	 23240324.00000
0.93925	 0.07166	 0.07500	 115.00000	 0.09222	 117.00000	 25295674.00000
0.90199	 0.06961	 0.07500	 123.00000	 0.07721	 105.00000	 18641612.00000
0.88853	 0.06881	 0.07493	 122.00000	 0.02787	 107.00000	 20785238.00000
0.86055	 0.06733	 0.07500	 123.00000	 0.07265	 107.00000	 32227596.00000
0.97854	 0.06302	 0.06396	 157.00000	 0.00476	 140.00000	 15516262.00000
0.89434	 0.05932	 0.06396	 157.00000	 0.01125	 142.00000	 18352716.00000
0.16326	 0.02866	 0.07304	 625.00000	 0.00002	 256.00000	 16377535.00000
0.87236	 0.04218	 0.04542	 178.00000	 0.00007	 255.00000	 6302223.50000
0.80873	 0.03713	 0.04118	 440.00000	 0.00064	 353.00000	 1882018.87500
0.54382	 0.04372	 0.06362	 124.00000	 0.08152	 153.00000	 28053572.00000
0.90071	 0.06752	 0.07275	 123.00000	 0.20751	 107.00000	 50680584.00000
0.93615	 0.07143	 0.07493	 137.00000	 0.01562	 110.00000	 25039230.00000
0.99934	 0.07490	 0.07493	 137.00000	 0.01964	 106.00000	 22086218.00000
0.87031	 0.06781	 0.07493	 124.00000	 0.07310	 108.00000	 26872710.00000
0.54985	 0.03208	 0.04197	 425.00000	 0.00054	 380.00000	 2284706.50000
0.53375	 0.03246	 0.04335	 496.00000	 0.00063	 371.00000	 4516741.50000
0.60842	 0.03241	 0.04039	 526.00000	 0.00006	 385.00000	 4927157.00000
0.98438	 0.06698	 0.06772	 140.00000	 0.00555	 127.00000	 18191342.00000
0.93523	 0.06114	 0.06398	 493.00000	 0.00421	 164.00000	 9156892.00000
0.81699	 0.06467	 0.07467	 172.00000	 0.04058	 121.00000	 22354472.00000
0.88735	 0.04254	 0.04541	 145.00000	 0.00051	 237.00000	 4641542.50000
0.81892	 0.06140	 0.07056	 297.00000	 0.01314	 147.00000	 18731438.00000
0.90561	 0.06975	 0.07493	 137.00000	 0.15360	 110.00000	 29148692.00000
0.16085	 0.02853	 0.07304	 625.00000	 0.00009	 258.00000	 16372353.00000
0.93523	 0.07143	 0.07499	 120.00000	 0.07108	 109.00000	 27049174.00000
0.99723	 0.07478	 0.07493	 121.00000	 0.07108	 109.00000	 27049174.00000
0.56051	 0.03070	 0.03909	 496.00000	 0.00024	 411.00000	 4360877.00000
0.96748	 0.06253	 0.06396	 157.00000	 0.00026	 156.00000	 10573638.00000
0.13667	 0.02723	 0.07292	 548.00000	 0.04342	 239.00000	 16509341.00000
0.97654	 0.06270	 0.06373	 757.00000	 0.00235	 166.00000	 4824586.00000
0.90864	 0.04840	 0.05126	 257.00000	 0.00035	 226.00000	 7810914.50000
0.56051	 0.03163	 0.04075	 495.00000	 0.00049	 392.00000	 2001635.25000
0.56025	 0.03202	 0.04145	 511.00000	 0.00024	 384.00000	 2405801.50000
0.93548	 0.06089	 0.06372	 500.00000	 0.00076	 192.00000	 4222009.50000
0.88809	 0.06711	 0.07304	 147.00000	 0.01530	 120.00000	 36603876.00000
0.17286	 0.02917	 0.07305	 753.00000	 0.00041	 251.00000	 16288552.00000
0.92342	 0.07032	 0.07449	 107.00000	 0.08449	 115.00000	 25506562.00000
0.77896	 0.06259	 0.07467	 144.00000	 0.03157	 128.00000	 31420242.00000
0.56028	 0.03088	 0.03943	 437.00000	 0.00001	 403.00000	 5561347.50000
0.55008	 0.03145	 0.04082	 499.00000	 0.00051	 392.00000	 2932384.25000
0.99934	 0.07494	 0.07497	 137.00000	 0.06076	 107.00000	 28726752.00000
0.87236	 0.04218	 0.04542	 178.00000	 0.00007	 255.00000	 6302223.50000
0.93119	 0.07115	 0.07493	 153.00000	 0.10876	 125.00000	 19283730.00000
0.99957	 0.06807	 0.06809	 136.00000	 0.02619	 137.00000	 16188300.00000
0.80844	 0.06446	 0.07499	 122.00000	 0.09623	 111.00000	 41951144.00000
0.96958	 0.07305	 0.07472	 145.00000	 0.04736	 117.00000	 16955840.00000
0.94063	 0.06861	 0.07168	 122.00000	 0.03670	 107.00000	 22594982.00000
0.97806	 0.07281	 0.07399	 122.00000	 0.04255	 106.00000	 23257012.00000
0.88853	 0.06881	 0.07493	 122.00000	 0.02787	 107.00000	 20785238.00000
0.56051	 0.03144	 0.04041	 496.00000	 0.00000	 393.00000	 5580190.50000
0.92687	 0.07050	 0.07449	 122.00000	 0.05992	 107.00000	 24548368.00000
0.99151	 0.07452	 0.07499	 106.00000	 0.05774	 104.00000	 26119936.00000
0.16326	 0.02866	 0.07304	 625.00000	 0.00002	 256.00000	 16456655.00000
0.96748	 0.05879	 0.06009	 157.00000	 0.01056	 162.00000	 12547455.00000
0.80511	 0.04045	 0.04540	 159.00000	 0.00075	 254.00000	 4068386.50000
0.95702	 0.06177	 0.06364	 178.00000	 0.00802	 160.00000	 11771388.00000
0.99651	 0.07481	 0.07500	 122.00000	 0.04878	 103.00000	 23238572.00000
0.14990	 0.02795	 0.07304	 625.00000	 0.05335	 242.00000	 16429409.00000
0.26627	 0.03171	 0.06396	 233.00000	 0.01027	 228.00000	 16496897.00000
0.87702	 0.06651	 0.07304	 625.00000	 0.00847	 137.00000	 15929732.00000
0.99635	 0.06380	 0.06396	 157.00000	 0.00233	 145.00000	 15477036.00000
0.99953	 0.07491	 0.07493	 102.00000	 0.07862	 118.00000	 22266540.00000
0.15360	 0.02815	 0.07306	 605.00000	 0.00078	 260.00000	 16520186.00000
0.89299	 0.06903	 0.07491	 131.00000	 0.05438	 125.00000	 26324922.00000
0.92422	 0.05983	 0.06310	 187.00000	 0.01521	 159.00000	 11263665.00000
0.03135	 0.02166	 0.07304	 640.00000	 0.01748	 313.00000	 16766949.00000
0.94655	 0.07025	 0.07308	 121.00000	 0.02444	 118.00000	 24498936.00000
0.99642	 0.07479	 0.07499	 145.00000	 0.05418	 111.00000	 21823384.00000
0.89040	 0.05771	 0.06235	 114.00000	 0.01653	 149.00000	 15900653.00000
0.58064	 0.03185	 0.04041	 511.00000	 0.00034	 391.00000	 3375428.00000
0.56051	 0.03144	 0.04040	 496.00000	 0.00004	 395.00000	 5554269.00000
0.56051	 0.03144	 0.04041	 496.00000	 0.00000	 393.00000	 5580190.50000
0.88853	 0.06881	 0.07493	 121.00000	 0.04647	 118.00000	 20868990.00000
0.80270	 0.05535	 0.06404	 116.00000	 0.02045	 142.00000	 26909812.00000
0.93664	 0.04314	 0.04470	 178.00000	 0.00105	 259.00000	 4189511.25000
0.89393	 0.05908	 0.06372	 500.00000	 0.00376	 183.00000	 5960515.50000
0.90578	 0.06897	 0.07406	 104.00000	 0.03683	 111.00000	 23109754.00000
0.56051	 0.03154	 0.04059	 505.00000	 0.00004	 393.00000	 5608415.50000
0.88242	 0.06764	 0.07399	 122.00000	 0.09756	 107.00000	 20501270.00000
0.98371	 0.07247	 0.07333	 176.00000	 0.03235	 126.00000	 18968728.00000
0.81157	 0.06463	 0.07499	 145.00000	 0.00154	 123.00000	 19501296.00000
0.99659	 0.07449	 0.07467	 122.00000	 0.04806	 103.00000	 22932862.00000
0.54155	 0.04948	 0.07444	 538.00000	 0.12076	 158.00000	 25114272.00000
0.99951	 0.04040	 0.04041	 137.00000	 0.00084	 263.00000	 5325287.00000
0.97021	 0.06156	 0.06284	 158.00000	 0.00053	 150.00000	 13195707.00000
0.81425	 0.06454	 0.07470	 144.00000	 0.03150	 117.00000	 27954486.00000
0.82234	 0.06523	 0.07500	 124.00000	 0.14340	 110.00000	 48894100.00000
0.93080	 0.07088	 0.07467	 137.00000	 0.00736	 116.00000	 17391628.00000
0.92196	 0.07065	 0.07493	 137.00000	 0.04826	 114.00000	 25677944.00000
0.95756	 0.07218	 0.07449	 102.00000	 0.04327	 123.00000	 33757792.00000
0.89435	 0.04840	 0.05176	 248.00000	 0.00110	 224.00000	 5211160.50000
0.99651	 0.07480	 0.07499	 114.00000	 0.03130	 107.00000	 20184092.00000
0.57732	 0.05117	 0.07399	 123.00000	 0.02072	 119.00000	 38880856.00000
0.96067	 0.04209	 0.04300	 482.00000	 0.00018	 296.00000	 5747989.00000
0.81595	 0.04551	 0.05126	 119.00000	 0.00822	 190.00000	 9448393.00000
0.88853	 0.06881	 0.07493	 258.00000	 0.07079	 124.00000	 21937846.00000
0.90567	 0.05831	 0.06230	 498.00000	 0.07079	 124.00000	 21937846.00000
0.99324	 0.07390	 0.07426	 107.00000	 0.02301	 115.00000	 16998076.00000
0.88384	 0.05815	 0.06316	 213.00000	 0.00761	 161.00000	 13857050.00000
0.97491	 0.07311	 0.07447	 143.00000	 0.02651	 118.00000	 24599066.00000
0.88869	 0.06852	 0.07460	 159.00000	 0.04067	 118.00000	 25497980.00000
0.78761	 0.06320	 0.07486	 123.00000	 0.05053	 110.00000	 41996112.00000
0.55007	 0.03123	 0.04041	 496.00000	 0.00006	 394.00000	 5573262.00000
0.56029	 0.03166	 0.04080	 420.00000	 0.00004	 375.00000	 5563454.00000
0.93080	 0.07088	 0.07467	 111.00000	 0.06454	 116.00000	 24447550.00000
0.93855	 0.04934	 0.05126	 285.00000	 0.00075	 230.00000	 3989784.25000
0.90578	 0.06913	 0.07424	 116.00000	 0.09478	 117.00000	 28991468.00000
0.86426	 0.05789	 0.06385	 262.00000	 0.03711	 172.00000	 17007590.00000
0.98491	 0.07215	 0.07295	 137.00000	 0.02993	 111.00000	 20288696.00000
0.99293	 0.07452	 0.07491	 149.00000	 0.01642	 114.00000	 17199568.00000
0.97806	 0.07281	 0.07399	 122.00000	 0.04255	 106.00000	 23257012.00000
0.56051	 0.03144	 0.04041	 596.00000	 0.00041	 391.00000	 3289885.75000
0.99062	 0.04446	 0.04470	 122.00000	 0.00069	 213.00000	 11119362.00000
0.56051	 0.05020	 0.07387	 496.00000	 0.12828	 151.00000	 26826968.00000
0.16326	 0.02872	 0.07343	 625.00000	 0.00002	 258.00000	 11192069.00000
0.93548	 0.05731	 0.05988	 500.00000	 0.00002	 258.00000	 11192069.00000
0.55047	 0.04971	 0.07397	 496.00000	 0.08330	 156.00000	 23574712.00000
0.15981	 0.02307	 0.03923	 681.00000	 0.00046	 508.00000	 3355792.25000
0.87236	 0.06694	 0.07380	 178.00000	 0.10444	 126.00000	 19588480.00000
0.99978	 0.04835	 0.04835	 137.00000	 0.00328	 211.00000	 5791231.50000
0.85167	 0.06065	 0.06773	 188.00000	 0.00357	 147.00000	 18634302.00000
0.99934	 0.07490	 0.07493	 116.00000	 0.04448	 108.00000	 24933906.00000
0.80619	 0.05130	 0.05883	 152.00000	 0.00740	 188.00000	 14426911.00000
0.81280	 0.06444	 0.07467	 145.00000	 0.06159	 122.00000	 23411988.00000
0.16326	 0.02897	 0.07491	 645.00000	 0.00002	 245.00000	 16350285.00000
0.81128	 0.06304	 0.07306	 108.00000	 0.02805	 126.00000	 25833216.00000
0.99659	 0.07449	 0.07467	 192.00000	 0.07365	 118.00000	 19990676.00000
0.56051	 0.02694	 0.03239	 496.00000	 0.00030	 516.00000	 1796977.87500
0.97908	 0.07005	 0.07112	 122.00000	 0.01144	 110.00000	 17244722.00000
0.99583	 0.06482	 0.06501	 162.00000	 0.01144	 110.00000	 17244722.00000
0.88853	 0.06881	 0.07493	 122.00000	 0.02787	 107.00000	 20785508.00000
0.99651	 0.07196	 0.07214	 122.00000	 0.04069	 107.00000	 26325224.00000
0.96920	 0.06261	 0.06396	 202.00000	 0.00223	 155.00000	 9226288.00000
0.79021	 0.04510	 0.05176	 304.00000	 0.00159	 246.00000	 4329550.50000
0.93615	 0.07021	 0.07363	 110.00000	 0.03261	 120.00000	 17452116.00000
0.24948	 0.03324	 0.07308	 605.00000	 0.09237	 202.00000	 19421578.00000
0.92188	 0.07022	 0.07448	 106.00000	 0.00359	 116.00000	 21155258.00000
0.81708	 0.06468	 0.07469	 145.00000	 0.03847	 122.00000	 17694422.00000
0.53983	 0.03117	 0.04070	 192.00000	 0.00031	 370.00000	 4449700.00000
0.95665	 0.07181	 0.07415	 477.00000	 0.04646	 141.00000	 18168512.00000
0.99690	 0.07476	 0.07493	 138.00000	 0.05662	 110.00000	 25039650.00000
0.87313	 0.05737	 0.06280	 517.00000	 0.00290	 186.00000	 5007746.50000
0.97760	 0.07345	 0.07467	 528.00000	 0.03962	 136.00000	 18010432.00000
0.56051	 0.03144	 0.04041	 125.00000	 0.00343	 305.00000	 5095870.00000
0.99399	 0.04111	 0.04123	 122.00000	 0.00402	 240.00000	 5735295.50000
0.55511	 0.03356	 0.04442	 533.00000	 0.00029	 349.00000	 3751714.50000
0.95462	 0.05032	 0.05177	 416.00000	 0.00129	 223.00000	 3672030.00000
0.85346	 0.05751	 0.06395	 157.00000	 0.00499	 155.00000	 16851508.00000
0.99659	 0.07143	 0.07160	 461.00000	 0.02030	 142.00000	 17238190.00000
0.93548	 0.06115	 0.06399	 122.00000	 0.03672	 127.00000	 13215579.00000
0.98124	 0.04922	 0.04977	 123.00000	 0.02008	 199.00000	 9173689.00000
0.88837	 0.06673	 0.07260	 259.00000	 0.02765	 131.00000	 20850948.00000
0.91929	 0.03877	 0.04041	 148.00000	 0.00063	 288.00000	 3515308.00000
0.54700	 0.04981	 0.07449	 490.00000	 0.09426	 155.00000	 27732490.00000
0.99934	 0.07490	 0.07493	 137.00000	 0.01964	 106.00000	 22086218.00000
0.87985	 0.04237	 0.04542	 178.00000	 0.00060	 256.00000	 4105623.25000
0.88853	 0.06881	 0.07493	 122.00000	 0.02787	 107.00000	 20785238.00000
0.96748	 0.06253	 0.06396	 157.00000	 0.00026	 156.00000	 10573638.00000
0.91784	 0.07028	 0.07478	 108.00000	 0.03996	 119.00000	 24365766.00000
0.54234	 0.03128	 0.04080	 399.00000	 0.00020	 383.00000	 4950466.00000
0.14911	 0.02304	 0.04041	 458.00000	 0.00044	 488.00000	 2052829.12500
0.57466	 0.05156	 0.07491	 645.00000	 0.03315	 158.00000	 24004526.00000
0.96394	 0.07204	 0.07399	 122.00000	 0.07579	 107.00000	 29291982.00000
0.99670	 0.07482	 0.07500	 122.00000	 0.04879	 103.00000	 23242644.00000
0.97908	 0.07005	 0.07112	 122.00000	 0.01144	 110.00000	 17244722.00000
0.82006	 0.06484	 0.07467	 145.00000	 0.00255	 123.00000	 19410480.00000
0.85927	 0.06694	 0.07463	 511.00000	 0.03953	 133.00000	 21913398.00000
0.81697	 0.05256	 0.05985	 134.00000	 0.00194	 163.00000	 17314534.00000
0.96679	 0.06888	 0.07056	 144.00000	 0.02565	 120.00000	 27714796.00000
