0.45718	 0.03294	 0.04830	 472.00000	 0.00038
0.12842	 0.02128	 0.03001	 488.00000	 0.00106
0.78705	 0.03670	 0.04121	 773.00000	 0.00057
0.58752	 0.02227	 0.02386	 332.00000	 0.00103
0.58000	 0.04284	 0.05937	 567.00000	 0.00270
0.98037	 0.03569	 0.03601	 383.00000	 0.00053
0.76305	 0.04885	 0.05781	 644.00000	 0.00053
0.46635	 0.02764	 0.03637	 993.00000	 0.00004
0.75702	 0.04117	 0.04797	 813.00000	 0.00026
0.29521	 0.02943	 0.05193	 738.00000	 0.00062
0.99451	 0.07105	 0.07133	 128.00000	 0.01938
0.07590	 0.02157	 0.04074	 997.00000	 0.00354
0.31890	 0.02173	 0.02542	 812.00000	 0.00354
0.71257	 0.03878	 0.04636	 738.00000	 0.00354
0.58144	 0.03465	 0.04519	 537.00000	 0.00024
0.30994	 0.02121	 0.02390	 937.00000	 0.00077
0.14569	 0.02036	 0.02244	 463.00000	 0.00093
0.60791	 0.02612	 0.03007	 389.00000	 0.00039
0.62511	 0.04858	 0.06572	 934.00000	 0.00439
0.42853	 0.02399	 0.02931	 190.00000	 0.00005
0.33474	 0.03448	 0.06325	 351.00000	 0.00229
0.35104	 0.02004	 0.02012	 732.00000	 0.00099
0.84038	 0.03699	 0.04021	 961.00000	 0.00055
0.30324	 0.02692	 0.04282	 917.00000	 0.00037
0.19658	 0.02967	 0.06917	 857.00000	 0.00168
0.99112	 0.06114	 0.06151	 344.00000	 0.00078
0.39438	 0.03040	 0.04637	 349.00000	 0.00037
0.10660	 0.02527	 0.06941	 166.00000	 0.21481
0.64441	 0.02918	 0.03424	 935.00000	 0.00060
0.88615	 0.04520	 0.04844	 486.00000	 0.00029
0.31378	 0.03096	 0.05494	 939.00000	 0.00078
0.91551	 0.04740	 0.04992	 123.00000	 0.00245
0.57664	 0.02438	 0.02760	 857.00000	 0.00699
0.64405	 0.04898	 0.06499	 183.00000	 0.00399
0.67112	 0.05158	 0.06706	 763.00000	 0.05296
0.25548	 0.02396	 0.03548	 922.00000	 0.00036
0.48515	 0.03874	 0.05863	 623.00000	 0.00211
0.58935	 0.02275	 0.02466	 114.00000	 0.00040
0.44819	 0.04005	 0.06474	 355.00000	 0.08485
0.44955	 0.02896	 0.03992	 132.00000	 0.08485
0.91551	 0.02783	 0.02856	 120.00000	 0.00036
0.42853	 0.03284	 0.04995	 190.00000	 0.00052
0.85065	 0.03719	 0.04021	 350.00000	 0.00081
0.41424	 0.03093	 0.04637	 814.00000	 0.00038
0.52539	 0.02246	 0.02468	 948.00000	 0.00080
0.30210	 0.02117	 0.02389	 114.00000	 0.00082
0.78705	 0.03670	 0.04121	 773.00000	 0.00057
0.49432	 0.03399	 0.04830	 455.00000	 0.00034
0.63933	 0.03023	 0.03601	 909.00000	 0.00037
0.98442	 0.02974	 0.02989	 373.00000	 0.00034
0.23662	 0.02569	 0.04405	 922.00000	 0.00026
0.42853	 0.02399	 0.02931	 185.00000	 0.00046
0.25548	 0.03072	 0.06197	 922.00000	 0.00116
0.99112	 0.03489	 0.03502	 344.00000	 0.00084
0.99112	 0.06610	 0.06651	 354.00000	 0.01105
0.12095	 0.02249	 0.04062	 998.00000	 0.01105
0.76305	 0.04872	 0.05764	 658.00000	 0.00168
0.73931	 0.04074	 0.04806	 813.00000	 0.00052
0.64441	 0.02918	 0.03424	 555.00000	 0.00028
0.58144	 0.03465	 0.04519	 917.00000	 0.00030
0.71741	 0.03768	 0.04464	 738.00000	 0.00044
0.30324	 0.02692	 0.04282	 917.00000	 0.00037
0.85725	 0.04994	 0.05493	 486.00000	 0.00109
0.31378	 0.02893	 0.04845	 836.00000	 0.00061
0.43591	 0.02114	 0.02260	 463.00000	 0.00082
0.15353	 0.02249	 0.03621	 993.00000	 0.00033
0.47593	 0.03331	 0.04797	 798.00000	 0.00031
0.78569	 0.02248	 0.02316	 114.00000	 0.00062
0.29976	 0.02853	 0.04844	 484.00000	 0.00043
0.83373	 0.04662	 0.05193	 740.00000	 0.00088
0.24887	 0.02795	 0.05193	 361.00000	 0.00046
0.98037	 0.03569	 0.03601	 734.00000	 0.00044
0.33474	 0.03448	 0.06325	 351.00000	 0.00229
0.58144	 0.03465	 0.04519	 537.00000	 0.00024
0.58000	 0.02963	 0.03660	 567.00000	 0.00036
0.46038	 0.03485	 0.05226	 999.00000	 0.00019
0.35115	 0.02994	 0.04830	 472.00000	 0.00054
0.45707	 0.02006	 0.02012	 763.00000	 0.00081
0.60791	 0.02417	 0.02686	 389.00000	 0.00039
0.76305	 0.04885	 0.05781	 577.00000	 0.00117
0.60932	 0.02418	 0.02686	 389.00000	 0.00101
0.41283	 0.03089	 0.04637	 814.00000	 0.00051
0.35115	 0.02861	 0.04453	 472.00000	 0.00048
0.58144	 0.03465	 0.04519	 917.00000	 0.00030
0.57592	 0.03604	 0.04786	 595.00000	 0.00057
0.89023	 0.03081	 0.03214	 573.00000	 0.00029
0.57071	 0.03302	 0.04282	 618.00000	 0.00014
0.31396	 0.02881	 0.04806	 922.00000	 0.00032
0.99034	 0.03621	 0.03637	 360.00000	 0.00023
0.47314	 0.02468	 0.02989	 997.00000	 0.00030
0.22546	 0.02650	 0.04885	 947.00000	 0.00064
0.49010	 0.03015	 0.04070	 455.00000	 0.00005
0.42853	 0.02399	 0.02931	 185.00000	 0.00046
0.41786	 0.03183	 0.04830	 455.00000	 0.00039
0.79112	 0.04220	 0.04806	 813.00000	 0.00005
0.46038	 0.03485	 0.05226	 999.00000	 0.00019
0.43154	 0.03087	 0.04519	 537.00000	 0.00041
0.65137	 0.02607	 0.02931	 190.00000	 0.00047
0.60791	 0.02612	 0.03007	 373.00000	 0.00026
0.99375	 0.02983	 0.02989	 389.00000	 0.00039
0.71651	 0.03020	 0.03424	 997.00000	 0.00051
0.43830	 0.03403	 0.05202	 547.00000	 0.00037
0.45754	 0.02752	 0.03643	 988.00000	 0.00012
0.46599	 0.03316	 0.04824	 472.00000	 0.00036
0.66094	 0.03058	 0.03601	 919.00000	 0.00037
0.28163	 0.02631	 0.04239	 917.00000	 0.00045
0.26469	 0.02639	 0.04415	 922.00000	 0.00034
0.42853	 0.02458	 0.03068	 231.00000	 0.00034
0.71734	 0.03782	 0.04484	 813.00000	 0.00052
0.79629	 0.04212	 0.04778	 700.00000	 0.00052
0.76201	 0.04131	 0.04797	 813.00000	 0.00053
0.64441	 0.02918	 0.03424	 555.00000	 0.00028
0.58144	 0.03465	 0.04519	 921.00000	 0.00016
0.91551	 0.02759	 0.02829	 120.00000	 0.00032
0.12687	 0.02319	 0.04513	 997.00000	 0.00056
0.58144	 0.02946	 0.03627	 519.00000	 0.00029
0.60791	 0.03480	 0.04434	 356.00000	 0.00025
0.23662	 0.02203	 0.02858	 954.00000	 0.00021
0.89731	 0.04552	 0.04844	 387.00000	 0.00031
0.55755	 0.02382	 0.02686	 475.00000	 0.00023
0.26460	 0.02243	 0.02917	 915.00000	 0.00023
0.61644	 0.03059	 0.03717	 549.00000	 0.00037
0.56723	 0.03429	 0.04519	 794.00000	 0.00026
0.44960	 0.03257	 0.04797	 540.00000	 0.00063
0.15353	 0.02212	 0.03378	 999.00000	 0.00035
0.52632	 0.03698	 0.05226	 993.00000	 0.00047
0.55755	 0.02382	 0.02686	 475.00000	 0.00023
0.91551	 0.02478	 0.02523	 101.00000	 0.00046
0.58179	 0.03807	 0.05106	 613.00000	 0.00059
0.63659	 0.03604	 0.04519	 924.00000	 0.00024
0.30316	 0.02706	 0.04328	 993.00000	 0.00021
0.66981	 0.02954	 0.03424	 555.00000	 0.00052
0.46635	 0.02613	 0.03315	 998.00000	 0.00029
0.89023	 0.03081	 0.03214	 562.00000	 0.00022
0.44138	 0.02428	 0.02969	 455.00000	 0.00044
0.60891	 0.03283	 0.04107	 353.00000	 0.00047
0.58144	 0.02946	 0.03627	 519.00000	 0.00029
0.60791	 0.02612	 0.03007	 413.00000	 0.00028
0.47909	 0.03142	 0.04383	 144.00000	 0.00418
0.58244	 0.02622	 0.03068	 931.00000	 0.00019
0.57879	 0.03551	 0.04679	 457.00000	 0.00085
0.79377	 0.04002	 0.04523	 813.00000	 0.00038
0.98991	 0.05205	 0.05238	 373.00000	 0.00106
0.46038	 0.02450	 0.02978	 999.00000	 0.00054
0.91551	 0.03045	 0.03141	 914.00000	 0.00058
0.45754	 0.02568	 0.03242	 157.00000	 0.00012
0.60716	 0.03478	 0.04434	 347.00000	 0.00029
0.47390	 0.02469	 0.02989	 994.00000	 0.00023
0.58439	 0.03454	 0.04488	 394.00000	 0.00020
0.51931	 0.03091	 0.04101	 903.00000	 0.00015
0.45754	 0.02556	 0.03215	 971.00000	 0.00018
0.99034	 0.03535	 0.03550	 303.00000	 0.00026
0.27484	 0.02891	 0.05240	 999.00000	 0.00062
0.46083	 0.02308	 0.02668	 475.00000	 0.00012
0.46635	 0.03364	 0.04925	 993.00000	 0.00032
0.93409	 0.03453	 0.03556	 486.00000	 0.00013
0.98923	 0.03656	 0.03674	 192.00000	 0.00090
0.42519	 0.02380	 0.02894	 358.00000	 0.00028
0.31396	 0.02903	 0.04876	 926.00000	 0.00054
0.45526	 0.03287	 0.04827	 939.00000	 0.00042
0.57213	 0.03017	 0.03777	 455.00000	 0.00038
0.49130	 0.03015	 0.04065	 618.00000	 0.00011
0.49010	 0.03135	 0.04316	 565.00000	 0.00023
0.66389	 0.03511	 0.04275	 520.00000	 0.00071
0.58710	 0.02454	 0.02773	 813.00000	 0.00016
0.74191	 0.04202	 0.04968	 475.00000	 0.00013
0.58144	 0.02507	 0.02872	 358.00000	 0.00029
0.42518	 0.03078	 0.04534	 921.00000	 0.00042
0.22387	 0.02538	 0.04405	 899.00000	 0.00035
0.44129	 0.02411	 0.02931	 190.00000	 0.00037
0.95531	 0.03476	 0.03545	 999.00000	 0.00024
0.43303	 0.03402	 0.05237	 512.00000	 0.00036
0.58530	 0.03518	 0.04593	 924.00000	 0.00019
0.42519	 0.02380	 0.02894	 358.00000	 0.00028
0.42853	 0.02399	 0.02931	 210.00000	 0.00056
0.79112	 0.04220	 0.04806	 761.00000	 0.00056
0.99034	 0.03621	 0.03637	 476.00000	 0.00010
0.46083	 0.02251	 0.02545	 338.00000	 0.00035
0.55667	 0.02919	 0.03650	 428.00000	 0.00038
0.98195	 0.04051	 0.04088	 913.00000	 0.00077
0.12281	 0.02286	 0.04328	 993.00000	 0.00046
0.45754	 0.02556	 0.03215	 993.00000	 0.00026
0.46083	 0.02457	 0.02991	 475.00000	 0.00027
0.47390	 0.02293	 0.02619	 994.00000	 0.00038
0.43490	 0.02298	 0.02686	 986.00000	 0.00023
0.57338	 0.02942	 0.03643	 474.00000	 0.00033
0.64735	 0.02922	 0.03424	 569.00000	 0.00063
0.35164	 0.03134	 0.05226	 979.00000	 0.00044
0.89023	 0.03081	 0.03214	 559.00000	 0.00022
0.79112	 0.04220	 0.04806	 806.00000	 0.00015
0.58244	 0.02622	 0.03068	 997.00000	 0.00018
0.46635	 0.02832	 0.03784	 953.00000	 0.00033
0.58244	 0.02576	 0.02988	 968.00000	 0.00015
0.57815	 0.03507	 0.04607	 394.00000	 0.00007
0.45754	 0.02568	 0.03242	 157.00000	 0.00012
0.45754	 0.02966	 0.04112	 992.00000	 0.00026
0.57422	 0.03207	 0.04101	 904.00000	 0.00021
0.51699	 0.02846	 0.03637	 992.00000	 0.00030
0.57597	 0.02389	 0.02675	 394.00000	 0.00028
0.24504	 0.02655	 0.04671	 937.00000	 0.00048
0.49302	 0.02582	 0.03180	 562.00000	 0.00028
0.88851	 0.03865	 0.04099	 618.00000	 0.00063
0.98854	 0.03669	 0.03688	 918.00000	 0.00051
0.58120	 0.03434	 0.04468	 485.00000	 0.00028
0.45535	 0.02564	 0.03239	 190.00000	 0.00053
0.34516	 0.02324	 0.02939	 157.00000	 0.00102
0.52818	 0.02647	 0.03225	 130.00000	 0.00072
0.46038	 0.03485	 0.05227	 993.00000	 0.00008
0.44046	 0.02294	 0.02668	 475.00000	 0.00090
0.57552	 0.02569	 0.02988	 892.00000	 0.00023
0.49813	 0.03265	 0.04539	 475.00000	 0.00046
0.58709	 0.02415	 0.02707	 924.00000	 0.00021
0.59594	 0.03545	 0.04593	 394.00000	 0.00083
0.57815	 0.03205	 0.04085	 455.00000	 0.00012
0.47434	 0.03340	 0.04826	 821.00000	 0.00066
0.79112	 0.03622	 0.04050	 447.00000	 0.00037
0.32111	 0.02754	 0.04349	 146.00000	 0.00084
0.45609	 0.02557	 0.03221	 992.00000	 0.00022
0.46631	 0.02766	 0.03643	 988.00000	 0.00037
0.45758	 0.02749	 0.03637	 994.00000	 0.00057
0.44965	 0.02739	 0.03643	 988.00000	 0.00030
0.59319	 0.03538	 0.04593	 924.00000	 0.00080
0.24653	 0.02211	 0.02858	 954.00000	 0.00020
0.42500	 0.02279	 0.02657	 986.00000	 0.00017
0.58593	 0.02480	 0.02819	 844.00000	 0.00657
0.79230	 0.04223	 0.04806	 813.00000	 0.00000
0.51931	 0.03062	 0.04045	 802.00000	 0.00030
0.63249	 0.03685	 0.04663	 399.00000	 0.00056
0.57746	 0.02396	 0.02686	 475.00000	 0.00026
0.46635	 0.02764	 0.03637	 998.00000	 0.00031
0.45754	 0.02568	 0.03242	 142.00000	 0.00037
0.58244	 0.02576	 0.02988	 968.00000	 0.00015
0.79112	 0.03238	 0.03565	 542.00000	 0.00022
0.96671	 0.04703	 0.04796	 859.00000	 0.00076
0.58244	 0.02889	 0.03526	 928.00000	 0.00038
0.58244	 0.02621	 0.03065	 998.00000	 0.00015
0.57071	 0.03302	 0.04282	 618.00000	 0.00014
0.51931	 0.03136	 0.04188	 903.00000	 0.00039
0.42939	 0.02383	 0.02891	 137.00000	 0.00100
0.45952	 0.03324	 0.04881	 999.00000	 0.00025
0.57815	 0.02853	 0.03475	 341.00000	 0.00039
0.57815	 0.03510	 0.04612	 455.00000	 0.00032
0.50839	 0.02835	 0.03643	 999.00000	 0.00033
0.40238	 0.02918	 0.04282	 523.00000	 0.00050
0.51741	 0.02323	 0.02624	 455.00000	 0.00037
0.40155	 0.02849	 0.04115	 475.00000	 0.00030
0.45754	 0.02507	 0.03108	 157.00000	 0.00021
0.42500	 0.02279	 0.02657	 970.00000	 0.00016
0.78838	 0.03800	 0.04283	 662.00000	 0.00068
0.47882	 0.03343	 0.04806	 814.00000	 0.00041
0.41432	 0.02409	 0.02987	 968.00000	 0.00029
0.60061	 0.02508	 0.02845	 190.00000	 0.00093
0.51931	 0.03676	 0.05227	 996.00000	 0.00054
0.46038	 0.02967	 0.04101	 922.00000	 0.00017
0.58067	 0.03458	 0.04511	 397.00000	 0.00021
0.46455	 0.02333	 0.02716	 472.00000	 0.00008
0.57150	 0.03696	 0.04968	 475.00000	 0.00034
0.76147	 0.03738	 0.04282	 618.00000	 0.00084
0.57608	 0.03502	 0.04607	 394.00000	 0.00030
0.74398	 0.04296	 0.05086	 422.00000	 0.00033
0.58244	 0.02294	 0.02505	 968.00000	 0.00018
0.99034	 0.02784	 0.02791	 476.00000	 0.00020
0.54889	 0.02682	 0.03242	 166.00000	 0.00086
0.99034	 0.03612	 0.03628	 468.00000	 0.00023
0.42835	 0.03074	 0.04507	 157.00000	 0.00090
0.45772	 0.02426	 0.02931	 216.00000	 0.00032
0.46038	 0.03485	 0.05226	 999.00000	 0.00019
0.46038	 0.03485	 0.05227	 993.00000	 0.00008
0.79216	 0.03299	 0.03640	 993.00000	 0.00031
0.44534	 0.03249	 0.04803	 806.00000	 0.00039
0.46779	 0.02736	 0.03573	 962.00000	 0.00031
0.48866	 0.03014	 0.04075	 483.00000	 0.00012
0.58709	 0.02454	 0.02773	 813.00000	 0.00016
0.58710	 0.02323	 0.02550	 923.00000	 0.00015
0.58707	 0.02426	 0.02726	 618.00000	 0.00020
0.57075	 0.03329	 0.04329	 813.00000	 0.00047
0.91349	 0.04563	 0.04806	 990.00000	 0.00053
0.46038	 0.03485	 0.05227	 860.00000	 0.00017
0.79230	 0.03463	 0.03846	 813.00000	 0.00036
0.49130	 0.03379	 0.04807	 618.00000	 0.00037
0.79112	 0.04909	 0.05677	 813.00000	 0.00113
0.57815	 0.03205	 0.04085	 455.00000	 0.00012
0.55527	 0.03557	 0.04804	 630.00000	 0.00052
0.77105	 0.03794	 0.04327	 801.00000	 0.00060
0.66792	 0.03501	 0.04248	 613.00000	 0.00034
0.56747	 0.03759	 0.05100	 865.00000	 0.00117
0.91994	 0.03431	 0.03556	 486.00000	 0.00018
0.46208	 0.02518	 0.03121	 157.00000	 0.00035
0.58144	 0.03510	 0.04596	 851.00000	 0.00018
0.79112	 0.04220	 0.04806	 926.00000	 0.00003
0.57071	 0.02564	 0.02988	 697.00000	 0.00016
0.58244	 0.03329	 0.04282	 968.00000	 0.00029
0.48866	 0.03014	 0.04075	 472.00000	 0.00007
0.57071	 0.03110	 0.03945	 646.00000	 0.00051
0.57815	 0.03503	 0.04599	 425.00000	 0.00009
0.44096	 0.02914	 0.04073	 618.00000	 0.00036
0.58244	 0.02273	 0.02469	 973.00000	 0.00021
0.46455	 0.02332	 0.02715	 488.00000	 0.00105
0.49010	 0.03231	 0.04513	 449.00000	 0.00029
0.46504	 0.02847	 0.03822	 990.00000	 0.00021
0.51404	 0.02380	 0.02739	 162.00000	 0.00048
0.42858	 0.02667	 0.03555	 993.00000	 0.00038
0.79112	 0.04220	 0.04806	 813.00000	 0.00005
0.46038	 0.03485	 0.05227	 993.00000	 0.00008
0.45754	 0.02867	 0.03895	 997.00000	 0.00022
0.58300	 0.03330	 0.04282	 595.00000	 0.00001
0.46139	 0.02956	 0.04071	 453.00000	 0.00023
0.57713	 0.03870	 0.05241	 990.00000	 0.00070
0.48520	 0.03566	 0.05227	 157.00000	 0.00282
0.45754	 0.02568	 0.03242	 986.00000	 0.00027
0.58244	 0.02942	 0.03618	 534.00000	 0.00046
0.99335	 0.03001	 0.03008	 965.00000	 0.00059
0.40586	 0.02347	 0.02854	 474.00000	 0.00016
0.32345	 0.02513	 0.03588	 904.00000	 0.00037
0.47343	 0.02775	 0.03637	 993.00000	 0.00008
0.83616	 0.04482	 0.04968	 448.00000	 0.00062
0.79230	 0.04299	 0.04902	 439.00000	 0.00041
0.49010	 0.03008	 0.04057	 829.00000	 0.00035
0.45836	 0.02496	 0.03082	 157.00000	 0.00026
0.58162	 0.02719	 0.03235	 973.00000	 0.00079
0.99034	 0.03011	 0.03021	 481.00000	 0.00013
0.57071	 0.02916	 0.03604	 693.00000	 0.00047
0.82097	 0.04304	 0.04806	 813.00000	 0.00036
0.46396	 0.03492	 0.05217	 993.00000	 0.00029
0.48866	 0.03014	 0.04075	 472.00000	 0.00007
0.46455	 0.02333	 0.02716	 443.00000	 0.00027
0.47343	 0.02775	 0.03637	 994.00000	 0.00031
0.79112	 0.04220	 0.04806	 925.00000	 0.00012
0.58300	 0.03325	 0.04272	 594.00000	 0.00040
0.49010	 0.03019	 0.04080	 455.00000	 0.00012
0.44642	 0.02721	 0.03615	 998.00000	 0.00028
0.58244	 0.02879	 0.03510	 986.00000	 0.00026
0.72874	 0.04045	 0.04806	 812.00000	 0.00073
0.79112	 0.04113	 0.04671	 927.00000	 0.00058
0.48830	 0.02807	 0.03653	 533.00000	 0.00029
0.49167	 0.03020	 0.04075	 472.00000	 0.00010
0.51864	 0.03455	 0.04806	 820.00000	 0.00031
0.78798	 0.04543	 0.05227	 986.00000	 0.00062
0.57815	 0.02671	 0.03161	 412.00000	 0.00026
0.58244	 0.03114	 0.03912	 991.00000	 0.00034
0.46038	 0.03485	 0.05227	 994.00000	 0.00028
0.57815	 0.03205	 0.04085	 455.00000	 0.00012
0.99034	 0.03621	 0.03637	 478.00000	 0.00020
0.58710	 0.02391	 0.02667	 943.00000	 0.00022
0.79290	 0.04319	 0.04924	 349.00000	 0.00058
0.57755	 0.03461	 0.04529	 820.00000	 0.00024
0.58508	 0.03335	 0.04282	 595.00000	 0.00050
0.78905	 0.04350	 0.04978	 813.00000	 0.00051
0.46967	 0.02954	 0.04032	 993.00000	 0.00012
0.43229	 0.02393	 0.02910	 190.00000	 0.00062
0.46038	 0.03493	 0.05243	 995.00000	 0.00025
0.38936	 0.02356	 0.02915	 185.00000	 0.00050
0.47369	 0.02469	 0.02990	 994.00000	 0.00023
0.57510	 0.02941	 0.03635	 971.00000	 0.00026
0.48652	 0.02384	 0.02789	 189.00000	 0.00051
0.45278	 0.03461	 0.05227	 990.00000	 0.00031
0.46395	 0.02229	 0.02493	 923.00000	 0.00017
0.58353	 0.03732	 0.04968	 993.00000	 0.00047
0.85948	 0.04367	 0.04754	 336.00000	 0.00065
0.49010	 0.03015	 0.04070	 807.00000	 0.00018
0.99324	 0.03626	 0.03637	 472.00000	 0.00020
0.47840	 0.02992	 0.04075	 426.00000	 0.00045
0.48866	 0.03014	 0.04075	 472.00000	 0.00007
0.46038	 0.03526	 0.05314	 993.00000	 0.00037
0.45760	 0.02329	 0.02718	 550.00000	 0.00026
0.46449	 0.02576	 0.03240	 157.00000	 0.00026
0.79112	 0.04220	 0.04806	 758.00000	 0.00036
0.79112	 0.04220	 0.04806	 919.00000	 0.00022
0.58132	 0.03531	 0.04633	 394.00000	 0.00070
0.45437	 0.02555	 0.03221	 148.00000	 0.00019
0.57815	 0.03498	 0.04591	 456.00000	 0.00035
0.49010	 0.03019	 0.04079	 424.00000	 0.00042
0.49514	 0.03030	 0.04080	 945.00000	 0.00040
0.78608	 0.04206	 0.04806	 478.00000	 0.00131
0.76613	 0.04148	 0.04804	 993.00000	 0.00013
0.39678	 0.03281	 0.05228	 813.00000	 0.00051
0.57447	 0.02994	 0.03730	 473.00000	 0.00024
0.50135	 0.03029	 0.04052	 489.00000	 0.00037
0.99034	 0.03621	 0.03637	 473.00000	 0.00039
0.58710	 0.02323	 0.02550	 923.00000	 0.00015
0.47709	 0.02776	 0.03626	 995.00000	 0.00025
0.46687	 0.03278	 0.04737	 405.00000	 0.00046
0.46513	 0.02762	 0.03637	 454.00000	 0.00046
0.49289	 0.03023	 0.04075	 997.00000	 0.00038
0.58300	 0.03329	 0.04280	 595.00000	 0.00001
0.48866	 0.03022	 0.04091	 476.00000	 0.00017
0.45054	 0.02929	 0.04062	 615.00000	 0.00017
0.66964	 0.03929	 0.04880	 816.00000	 0.00072
0.50099	 0.02929	 0.03855	 937.00000	 0.00034
0.47343	 0.03498	 0.05164	 993.00000	 0.00032
0.43384	 0.03400	 0.05227	 994.00000	 0.00036
0.38872	 0.02668	 0.03718	 996.00000	 0.00038
0.42719	 0.02285	 0.02668	 475.00000	 0.00024
0.79230	 0.04223	 0.04806	 813.00000	 0.00000
0.45754	 0.02568	 0.03242	 157.00000	 0.00012
0.46455	 0.02333	 0.02716	 472.00000	 0.00008
0.45314	 0.02741	 0.03634	 999.00000	 0.00030
0.42853	 0.02403	 0.02940	 166.00000	 0.00021
0.47303	 0.02441	 0.02931	 157.00000	 0.00006
0.45754	 0.02568	 0.03242	 124.00000	 0.00006
0.82714	 0.04325	 0.04811	 926.00000	 0.00051
0.47532	 0.02387	 0.02815	 126.00000	 0.00006
0.45754	 0.02515	 0.03126	 102.00000	 0.00040
0.52625	 0.02862	 0.03637	 993.00000	 0.00023
0.50453	 0.02680	 0.03347	 425.00000	 0.00007
0.59103	 0.03660	 0.04809	 135.00000	 0.00144
0.55319	 0.03153	 0.04085	 593.00000	 0.00037
0.58298	 0.03329	 0.04280	 456.00000	 0.00003
0.46038	 0.02308	 0.02668	 500.00000	 0.00024
0.51031	 0.03553	 0.05044	 994.00000	 0.00049
0.47765	 0.02800	 0.03675	 476.00000	 0.00031
0.97589	 0.03598	 0.03637	 993.00000	 0.00136
0.79230	 0.04216	 0.04797	 814.00000	 0.00016
0.50691	 0.03326	 0.04617	 392.00000	 0.00037
0.73005	 0.02682	 0.02935	 914.00000	 0.00020
0.47477	 0.03331	 0.04802	 137.00000	 0.01536
0.47422	 0.02781	 0.03647	 984.00000	 0.00037
0.46872	 0.02963	 0.04055	 671.00000	 0.00017
0.79229	 0.03993	 0.04515	 894.00000	 0.00022
0.79113	 0.04210	 0.04793	 813.00000	 0.00006
0.45754	 0.02967	 0.04113	 157.00000	 0.00067
0.60041	 0.02752	 0.03252	 595.00000	 0.00018
0.80470	 0.03667	 0.04072	 484.00000	 0.00064
0.53225	 0.03495	 0.04809	 914.00000	 0.00022
0.79112	 0.03650	 0.04086	 813.00000	 0.00022
0.42767	 0.03193	 0.04790	 455.00000	 0.00050
0.58342	 0.03113	 0.03907	 473.00000	 0.00015
0.46307	 0.02339	 0.02731	 454.00000	 0.00024
0.81159	 0.03159	 0.03428	 536.00000	 0.00034
0.49388	 0.03414	 0.04863	 779.00000	 0.00040
0.45703	 0.02948	 0.04075	 472.00000	 0.00024
0.48917	 0.02804	 0.03643	 988.00000	 0.00034
0.46038	 0.03485	 0.05227	 993.00000	 0.00008
0.46635	 0.02790	 0.03694	 993.00000	 0.00030
0.49077	 0.03584	 0.05228	 998.00000	 0.00046
0.44448	 0.02917	 0.04064	 564.00000	 0.00045
0.46207	 0.03317	 0.04850	 565.00000	 0.00058
0.57848	 0.02745	 0.03288	 226.00000	 0.00075
0.46067	 0.03096	 0.04379	 472.00000	 0.00049
0.58688	 0.02363	 0.02619	 549.00000	 0.00026
0.57590	 0.03139	 0.03978	 586.00000	 0.00005
0.45754	 0.02752	 0.03643	 992.00000	 0.00034
0.48974	 0.03192	 0.04433	 455.00000	 0.00043
0.48950	 0.03259	 0.04572	 993.00000	 0.00061
0.79051	 0.04218	 0.04806	 926.00000	 0.00011
0.48928	 0.03015	 0.04075	 472.00000	 0.00007
0.45793	 0.03044	 0.04280	 456.00000	 0.00040
0.74409	 0.02924	 0.03242	 145.00000	 0.00046
0.53848	 0.03479	 0.04747	 444.00000	 0.00019
0.59190	 0.03543	 0.04607	 997.00000	 0.00094
0.79112	 0.04220	 0.04806	 796.00000	 0.00010
0.47303	 0.02441	 0.02931	 144.00000	 0.00063
0.46038	 0.03023	 0.04221	 477.00000	 0.00041
0.46525	 0.03491	 0.05205	 985.00000	 0.00028
0.46635	 0.02764	 0.03637	 993.00000	 0.00004
0.46038	 0.03485	 0.05227	 993.00000	 0.00008
0.47303	 0.02503	 0.03063	 154.00000	 0.00022
0.48866	 0.03014	 0.04075	 466.00000	 0.00015
0.57815	 0.03503	 0.04599	 425.00000	 0.00009
0.68496	 0.03922	 0.04806	 942.00000	 0.00078
0.80371	 0.04255	 0.04806	 787.00000	 0.00030
0.62715	 0.03430	 0.04280	 591.00000	 0.00034
0.51959	 0.03351	 0.04601	 473.00000	 0.00015
0.59420	 0.03237	 0.04081	 383.00000	 0.00029
0.77240	 0.04307	 0.04986	 438.00000	 0.00035
0.49921	 0.02672	 0.03347	 800.00000	 0.00016
0.78989	 0.03798	 0.04277	 595.00000	 0.00071
0.58424	 0.03642	 0.04811	 818.00000	 0.00030
0.58298	 0.03329	 0.04280	 456.00000	 0.00003
0.58903	 0.03311	 0.04226	 425.00000	 0.00025
0.46038	 0.03047	 0.04273	 996.00000	 0.00038
0.58300	 0.03885	 0.05233	 583.00000	 0.00067
0.46635	 0.02764	 0.03637	 993.00000	 0.00004
0.39930	 0.02372	 0.02931	 174.00000	 0.00030
0.48866	 0.03013	 0.04073	 435.00000	 0.00016
0.50453	 0.02680	 0.03349	 425.00000	 0.00044
0.77017	 0.04565	 0.05330	 813.00000	 0.00031
0.79230	 0.04223	 0.04806	 813.00000	 0.00000
0.84312	 0.04679	 0.05177	 820.00000	 0.00060
0.79236	 0.04213	 0.04793	 823.00000	 0.00033
0.43321	 0.02991	 0.04289	 117.00000	 0.00065
0.50312	 0.02406	 0.02806	 466.00000	 0.00021
0.44470	 0.02318	 0.02716	 470.00000	 0.00030
0.79268	 0.04224	 0.04806	 815.00000	 0.00012
0.66820	 0.03866	 0.04793	 813.00000	 0.00060
0.79488	 0.04230	 0.04806	 813.00000	 0.00016
0.58298	 0.03329	 0.04280	 916.00000	 0.00008
0.94321	 0.04078	 0.04203	 439.00000	 0.00083
0.46038	 0.03517	 0.05295	 995.00000	 0.00037
0.57590	 0.03139	 0.03978	 578.00000	 0.00038
0.46873	 0.02757	 0.03614	 993.00000	 0.00034
0.48929	 0.03026	 0.04097	 396.00000	 0.00041
0.79508	 0.03811	 0.04277	 817.00000	 0.00061
0.58022	 0.03629	 0.04808	 617.00000	 0.00088
0.47295	 0.02441	 0.02931	 157.00000	 0.00005
0.46978	 0.02769	 0.03637	 998.00000	 0.00031
0.42853	 0.02694	 0.03620	 205.00000	 0.00040
0.46635	 0.02442	 0.02948	 993.00000	 0.00019
0.58111	 0.03630	 0.04806	 797.00000	 0.00114
0.79112	 0.03772	 0.04239	 813.00000	 0.00048
0.79229	 0.04223	 0.04806	 813.00000	 0.00000
0.80235	 0.04278	 0.04839	 772.00000	 0.00040
0.79112	 0.04220	 0.04806	 813.00000	 0.00005
0.58300	 0.03329	 0.04280	 595.00000	 0.00001
0.47592	 0.02779	 0.03637	 996.00000	 0.00004
0.69077	 0.03938	 0.04806	 867.00000	 0.00103
0.55038	 0.03255	 0.04280	 822.00000	 0.00034
0.79230	 0.04692	 0.05398	 447.00000	 0.00092
0.44316	 0.02355	 0.02801	 177.00000	 0.00016
0.58300	 0.03330	 0.04282	 595.00000	 0.00001
0.46635	 0.03136	 0.04435	 993.00000	 0.00029
0.58300	 0.02940	 0.03613	 595.00000	 0.00021
0.44938	 0.02993	 0.04209	 474.00000	 0.00039
0.55062	 0.02903	 0.03640	 993.00000	 0.00037
0.51405	 0.03049	 0.04041	 472.00000	 0.00018
0.51271	 0.02376	 0.02734	 190.00000	 0.00093
0.79026	 0.03554	 0.03966	 484.00000	 0.00087
0.50540	 0.03418	 0.04806	 926.00000	 0.00030
0.46038	 0.03485	 0.05227	 983.00000	 0.00024
0.44254	 0.03428	 0.05227	 993.00000	 0.00037
0.79230	 0.04304	 0.04908	 776.00000	 0.00028
0.46635	 0.02730	 0.03564	 993.00000	 0.00030
0.58300	 0.03329	 0.04280	 816.00000	 0.00046
0.90141	 0.04518	 0.04793	 620.00000	 0.00069
0.55892	 0.02796	 0.03425	 471.00000	 0.00027
0.79319	 0.04441	 0.05077	 782.00000	 0.00128
0.43942	 0.03034	 0.04353	 993.00000	 0.00050
0.79310	 0.03324	 0.03670	 813.00000	 0.00034
0.46601	 0.03054	 0.04261	 944.00000	 0.00039
0.58332	 0.02776	 0.03331	 464.00000	 0.00029
0.46635	 0.02763	 0.03637	 993.00000	 0.00004
0.46038	 0.03380	 0.04998	 993.00000	 0.00032
0.79112	 0.04220	 0.04806	 926.00000	 0.00003
0.78323	 0.04188	 0.04793	 813.00000	 0.00001
0.58549	 0.03643	 0.04806	 813.00000	 0.00023
0.78981	 0.03802	 0.04282	 595.00000	 0.00062
0.58300	 0.03330	 0.04282	 597.00000	 0.00053
0.58300	 0.03330	 0.04282	 595.00000	 0.00001
0.52913	 0.03052	 0.03989	 847.00000	 0.00042
0.87856	 0.04453	 0.04792	 466.00000	 0.00031
0.58300	 0.03346	 0.04309	 590.00000	 0.00046
0.45754	 0.02569	 0.03244	 129.00000	 0.00031
0.67093	 0.02582	 0.02867	 157.00000	 0.00014
0.46509	 0.02947	 0.04036	 613.00000	 0.00031
0.79230	 0.04223	 0.04806	 128.00000	 0.02216
0.50510	 0.02412	 0.02815	 783.00000	 0.00021
0.57860	 0.03631	 0.04819	 593.00000	 0.00086
0.75695	 0.04102	 0.04777	 814.00000	 0.00062
0.79114	 0.04339	 0.04956	 813.00000	 0.00047
0.80796	 0.04267	 0.04806	 773.00000	 0.00020
0.93499	 0.04623	 0.04806	 805.00000	 0.00078
0.79112	 0.04220	 0.04806	 925.00000	 0.00012
0.47592	 0.03306	 0.04745	 865.00000	 0.00064
0.79112	 0.03341	 0.03695	 814.00000	 0.00034
0.53504	 0.03238	 0.04313	 190.00000	 0.00075
0.65443	 0.02612	 0.02935	 595.00000	 0.00011
0.54759	 0.03248	 0.04280	 603.00000	 0.00027
0.58300	 0.03329	 0.04280	 448.00000	 0.00038
0.79104	 0.04220	 0.04806	 813.00000	 0.00004
0.79239	 0.04223	 0.04806	 773.00000	 0.00037
0.75808	 0.04110	 0.04783	 813.00000	 0.00050
0.45754	 0.02521	 0.03139	 124.00000	 0.00001
0.49013	 0.02472	 0.02962	 425.00000	 0.00025
0.50450	 0.03303	 0.04584	 455.00000	 0.00052
0.79112	 0.04220	 0.04806	 813.00000	 0.00005
0.58300	 0.03330	 0.04282	 595.00000	 0.00001
0.46635	 0.02784	 0.03681	 810.00000	 0.00026
0.79230	 0.04254	 0.04845	 995.00000	 0.00043
0.57604	 0.03131	 0.03963	 476.00000	 0.00044
0.58284	 0.03337	 0.04295	 580.00000	 0.00047
0.79230	 0.04223	 0.04806	 813.00000	 0.00000
0.74582	 0.04093	 0.04806	 813.00000	 0.00060
0.79112	 0.04220	 0.04806	 926.00000	 0.00003
0.57366	 0.03308	 0.04280	 595.00000	 0.00046
0.66135	 0.03856	 0.04806	 813.00000	 0.00047
0.58300	 0.03329	 0.04280	 671.00000	 0.00003
0.58294	 0.03995	 0.05423	 813.00000	 0.00002
0.77721	 0.04072	 0.04666	 450.00000	 0.00063
0.60290	 0.03376	 0.04282	 552.00000	 0.00050
0.58298	 0.03329	 0.04280	 456.00000	 0.00003
0.46635	 0.03319	 0.04827	 993.00000	 0.00054
0.79229	 0.03280	 0.03616	 813.00000	 0.00027
0.57590	 0.03833	 0.05183	 586.00000	 0.00051
0.78323	 0.04242	 0.04862	 800.00000	 0.00011
0.58393	 0.03466	 0.04510	 601.00000	 0.00022
0.78231	 0.04185	 0.04793	 807.00000	 0.00056
0.58300	 0.03283	 0.04201	 595.00000	 0.00002
0.58300	 0.03306	 0.04241	 595.00000	 0.00005
0.79112	 0.04220	 0.04806	 975.00000	 0.00036
0.50246	 0.02732	 0.03457	 815.00000	 0.00037
0.80898	 0.03324	 0.03637	 923.00000	 0.00030
0.44850	 0.03113	 0.04481	 996.00000	 0.00036
0.79113	 0.03929	 0.04438	 813.00000	 0.00091
0.74319	 0.04373	 0.05193	 813.00000	 0.00051
0.79166	 0.03893	 0.04391	 454.00000	 0.00036
0.43053	 0.03082	 0.04514	 805.00000	 0.00036
0.79104	 0.04694	 0.05405	 813.00000	 0.00059
0.58300	 0.03330	 0.04282	 585.00000	 0.00002
0.52298	 0.02856	 0.03637	 963.00000	 0.00028
0.80093	 0.04248	 0.04806	 926.00000	 0.00004
0.59544	 0.03375	 0.04310	 582.00000	 0.00043
0.30783	 0.02278	 0.02904	 190.00000	 0.00077
0.79229	 0.04223	 0.04806	 926.00000	 0.00008
0.79114	 0.04220	 0.04806	 813.00000	 0.00005
0.80913	 0.04322	 0.04870	 926.00000	 0.00058
0.46635	 0.02764	 0.03637	 995.00000	 0.00025
0.77757	 0.04163	 0.04782	 955.00000	 0.00001
0.82324	 0.04206	 0.04679	 801.00000	 0.00037
0.58300	 0.03329	 0.04280	 671.00000	 0.00003
0.58300	 0.03330	 0.04282	 600.00000	 0.00002
0.58300	 0.03330	 0.04282	 766.00000	 0.00052
0.79230	 0.04223	 0.04806	 592.00000	 0.00011
0.82233	 0.04139	 0.04601	 890.00000	 0.00053
0.83380	 0.04804	 0.05363	 813.00000	 0.00072
0.79112	 0.04220	 0.04806	 878.00000	 0.00017
0.80358	 0.04255	 0.04806	 785.00000	 0.00017
0.78323	 0.04088	 0.04665	 813.00000	 0.00065
0.79230	 0.04223	 0.04806	 823.00000	 0.00031
0.58300	 0.03330	 0.04282	 595.00000	 0.00001
0.58300	 0.03408	 0.04415	 671.00000	 0.00033
0.58300	 0.03321	 0.04265	 569.00000	 0.00051
0.79230	 0.04268	 0.04862	 822.00000	 0.00053
0.58325	 0.03992	 0.05416	 842.00000	 0.00010
0.74990	 0.03713	 0.04284	 813.00000	 0.00066
0.58300	 0.03330	 0.04282	 745.00000	 0.00006
0.61306	 0.03388	 0.04264	 595.00000	 0.00024
0.85027	 0.02961	 0.03130	 831.00000	 0.00055
0.45005	 0.03267	 0.04815	 114.00000	 0.00055
0.45754	 0.02562	 0.03228	 124.00000	 0.00055
0.62852	 0.04118	 0.05370	 841.00000	 0.00080
0.58298	 0.03329	 0.04280	 455.00000	 0.00002
0.58300	 0.03329	 0.04280	 596.00000	 0.00006
0.57545	 0.02942	 0.03637	 993.00000	 0.00043
0.46681	 0.02910	 0.03950	 586.00000	 0.00026
0.53289	 0.03216	 0.04282	 585.00000	 0.00049
0.58300	 0.03330	 0.04282	 595.00000	 0.00001
0.84028	 0.04358	 0.04806	 813.00000	 0.00069
0.79230	 0.04000	 0.04524	 833.00000	 0.00053
0.58841	 0.04061	 0.05503	 813.00000	 0.00083
0.78572	 0.03729	 0.04201	 595.00000	 0.00058
0.79447	 0.04429	 0.05057	 813.00000	 0.00056
0.58083	 0.03338	 0.04304	 673.00000	 0.00041
0.58300	 0.03330	 0.04282	 595.00000	 0.00001
0.77757	 0.04004	 0.04577	 955.00000	 0.00014
0.58300	 0.03329	 0.04280	 595.00000	 0.00001
0.54231	 0.03292	 0.04383	 595.00000	 0.00044
0.48214	 0.02789	 0.03637	 985.00000	 0.00032
0.56983	 0.03300	 0.04282	 619.00000	 0.00030
0.58300	 0.03320	 0.04263	 595.00000	 0.00036
0.58300	 0.03384	 0.04374	 595.00000	 0.00047
0.58293	 0.03330	 0.04282	 595.00000	 0.00001
0.58300	 0.03528	 0.04622	 595.00000	 0.00020
0.51597	 0.02588	 0.03139	 196.00000	 0.00029
0.64523	 0.04209	 0.05423	 851.00000	 0.00127
0.58298	 0.03329	 0.04280	 436.00000	 0.00002
0.58300	 0.03330	 0.04282	 595.00000	 0.00001
0.56868	 0.03298	 0.04282	 595.00000	 0.00044
0.48571	 0.02996	 0.04050	 595.00000	 0.00032
0.79230	 0.04223	 0.04806	 813.00000	 0.00000
0.79230	 0.04223	 0.04806	 813.00000	 0.00000
0.79679	 0.04236	 0.04806	 813.00000	 0.00015
0.86438	 0.04204	 0.04549	 953.00000	 0.00039
0.79855	 0.04241	 0.04806	 813.00000	 0.00003
0.57676	 0.03316	 0.04282	 585.00000	 0.00052
0.77020	 0.03820	 0.04363	 926.00000	 0.00061
0.79113	 0.04220	 0.04806	 813.00000	 0.00005
0.78606	 0.04206	 0.04806	 988.00000	 0.00007
0.46635	 0.02705	 0.03512	 817.00000	 0.00034
0.49603	 0.03120	 0.04257	 681.00000	 0.00034
0.78597	 0.04186	 0.04782	 945.00000	 0.00034
0.79114	 0.04220	 0.04806	 926.00000	 0.00003
0.79228	 0.03812	 0.04287	 813.00000	 0.00054
0.58300	 0.03330	 0.04282	 455.00000	 0.00002
0.66079	 0.03507	 0.04280	 601.00000	 0.00011
0.58300	 0.03329	 0.04280	 595.00000	 0.00001
0.58298	 0.03329	 0.04280	 455.00000	 0.00002
0.79230	 0.04223	 0.04806	 813.00000	 0.00000
0.79230	 0.04223	 0.04806	 813.00000	 0.00000
0.58353	 0.03631	 0.04795	 833.00000	 0.00131
0.80638	 0.03837	 0.04278	 671.00000	 0.00059
0.60912	 0.03329	 0.04182	 595.00000	 0.00033
0.79229	 0.04240	 0.04828	 812.00000	 0.00009
0.58011	 0.03324	 0.04282	 595.00000	 0.00003
0.58300	 0.03330	 0.04282	 673.00000	 0.00012
0.79230	 0.04395	 0.05022	 802.00000	 0.00069
0.66532	 0.03867	 0.04806	 839.00000	 0.00008
0.67127	 0.03507	 0.04245	 813.00000	 0.00035
0.54342	 0.03648	 0.05032	 595.00000	 0.00032
0.79230	 0.04047	 0.04584	 811.00000	 0.00068
0.69089	 0.03575	 0.04280	 404.00000	 0.00065
0.79230	 0.04223	 0.04806	 813.00000	 0.00000
0.58300	 0.03611	 0.04762	 599.00000	 0.00073
0.58300	 0.03317	 0.04259	 595.00000	 0.00005
0.54963	 0.04014	 0.05664	 813.00000	 0.01656
0.63981	 0.03457	 0.04278	 813.00000	 0.00014
0.79138	 0.04224	 0.04810	 595.00000	 0.00044
0.79230	 0.04223	 0.04806	 649.00000	 0.00025
0.58300	 0.03315	 0.04255	 817.00000	 0.00052
0.82761	 0.04322	 0.04806	 813.00000	 0.00042
0.79230	 0.04223	 0.04806	 813.00000	 0.00000
0.58298	 0.03329	 0.04280	 462.00000	 0.00045
0.89780	 0.04519	 0.04806	 805.00000	 0.00055
0.58300	 0.03595	 0.04736	 600.00000	 0.00044
0.77757	 0.03757	 0.04260	 955.00000	 0.00044
0.58292	 0.03338	 0.04295	 595.00000	 0.00037
0.54203	 0.03237	 0.04282	 595.00000	 0.00042
0.72610	 0.04498	 0.05440	 766.00000	 0.00173
0.79230	 0.04223	 0.04806	 813.00000	 0.00000
0.58300	 0.03664	 0.04854	 595.00000	 0.00064
0.58300	 0.03329	 0.04280	 595.00000	 0.00001
0.79460	 0.04230	 0.04806	 588.00000	 0.00027
0.58070	 0.03325	 0.04282	 819.00000	 0.00038
0.58403	 0.03639	 0.04806	 707.00000	 0.00033
0.79127	 0.03806	 0.04282	 599.00000	 0.00065
0.58298	 0.03329	 0.04280	 459.00000	 0.00004
0.47040	 0.03187	 0.04523	 592.00000	 0.00065
0.58300	 0.03844	 0.05164	 600.00000	 0.00087
0.79230	 0.03813	 0.04288	 813.00000	 0.00055
0.65279	 0.03489	 0.04280	 593.00000	 0.00030
0.58298	 0.03330	 0.04282	 438.00000	 0.00056
0.58300	 0.03108	 0.03900	 600.00000	 0.00033
0.58300	 0.03329	 0.04280	 480.00000	 0.00023
0.79229	 0.04147	 0.04710	 813.00000	 0.00021
0.47078	 0.03074	 0.04282	 595.00000	 0.00043
0.79230	 0.04223	 0.04806	 827.00000	 0.00046
0.79230	 0.04223	 0.04806	 813.00000	 0.00000
0.58300	 0.03330	 0.04282	 595.00000	 0.00001
0.58300	 0.03327	 0.04276	 595.00000	 0.00002
0.59855	 0.03818	 0.05037	 813.00000	 0.00020
0.79229	 0.03649	 0.04081	 955.00000	 0.00062
0.58300	 0.03298	 0.04227	 594.00000	 0.00037
0.79230	 0.04060	 0.04600	 851.00000	 0.00056
0.77072	 0.03899	 0.04463	 813.00000	 0.00072
0.58300	 0.03392	 0.04388	 595.00000	 0.00033
0.58300	 0.03283	 0.04201	 545.00000	 0.00044
0.79230	 0.04223	 0.04806	 815.00000	 0.00012
0.58300	 0.03322	 0.04268	 594.00000	 0.00016
0.79230	 0.04232	 0.04817	 817.00000	 0.00015
0.79233	 0.04219	 0.04801	 770.00000	 0.00080
0.58298	 0.03332	 0.04285	 542.00000	 0.00001
0.58713	 0.03460	 0.04486	 803.00000	 0.00028
0.78818	 0.03799	 0.04282	 605.00000	 0.00062
0.79470	 0.04230	 0.04806	 919.00000	 0.00017
0.58060	 0.03324	 0.04280	 595.00000	 0.00002
0.79230	 0.04223	 0.04806	 813.00000	 0.00000
0.88124	 0.04473	 0.04806	 813.00000	 0.00050
0.58300	 0.03438	 0.04466	 595.00000	 0.00027
0.58300	 0.03329	 0.04280	 600.00000	 0.00021
0.58298	 0.03263	 0.04167	 595.00000	 0.00015
0.58301	 0.03339	 0.04296	 436.00000	 0.00030
0.73958	 0.04075	 0.04806	 813.00000	 0.00065
0.79230	 0.04223	 0.04806	 813.00000	 0.00000
0.79230	 0.03819	 0.04296	 594.00000	 0.00077
0.58300	 0.03628	 0.04792	 813.00000	 0.00129
0.79230	 0.04223	 0.04806	 813.00000	 0.00000
0.79230	 0.04223	 0.04806	 761.00000	 0.00025
0.79230	 0.04202	 0.04779	 813.00000	 0.00015
0.58300	 0.03441	 0.04472	 595.00000	 0.00020
0.58300	 0.03330	 0.04282	 594.00000	 0.00046
0.79230	 0.04223	 0.04806	 814.00000	 0.00033
0.79230	 0.04223	 0.04806	 801.00000	 0.00020
0.79230	 0.04616	 0.05301	 813.00000	 0.00055
0.79230	 0.04223	 0.04806	 813.00000	 0.00000
0.86251	 0.04420	 0.04806	 813.00000	 0.00068
0.79230	 0.03973	 0.04490	 767.00000	 0.00054
0.84208	 0.04363	 0.04806	 813.00000	 0.00075
0.60968	 0.03390	 0.04280	 595.00000	 0.00023
0.58300	 0.03330	 0.04282	 595.00000	 0.00001
0.58300	 0.03200	 0.04059	 536.00000	 0.00094
0.58300	 0.03330	 0.04282	 595.00000	 0.00001
0.58300	 0.03329	 0.04280	 606.00000	 0.00045
0.58482	 0.03335	 0.04282	 642.00000	 0.00005
0.79230	 0.04223	 0.04806	 813.00000	 0.00000
0.56137	 0.03281	 0.04282	 547.00000	 0.00036
0.68088	 0.03910	 0.04806	 813.00000	 0.00036
0.58300	 0.03329	 0.04280	 595.00000	 0.00001
0.79230	 0.04773	 0.05500	 813.00000	 0.00184
0.79230	 0.04177	 0.04748	 813.00000	 0.00012
0.58518	 0.03631	 0.04787	 813.00000	 0.00129
0.79012	 0.03818	 0.04301	 594.00000	 0.00074
0.58300	 0.03330	 0.04282	 619.00000	 0.00053
0.58300	 0.03329	 0.04280	 595.00000	 0.00001
0.79230	 0.04118	 0.04673	 813.00000	 0.00055
0.79230	 0.04188	 0.04762	 813.00000	 0.00001
0.54484	 0.03283	 0.04356	 595.00000	 0.00047
0.79230	 0.04223	 0.04806	 813.00000	 0.00000
0.69967	 0.03963	 0.04806	 811.00000	 0.00053
0.79230	 0.04223	 0.04806	 813.00000	 0.00000
0.79230	 0.04223	 0.04806	 782.00000	 0.00019
0.79229	 0.04223	 0.04806	 813.00000	 0.00000
0.80607	 0.04262	 0.04806	 813.00000	 0.00013
0.79230	 0.04218	 0.04799	 792.00000	 0.00013
0.58300	 0.03330	 0.04282	 444.00000	 0.00004
0.79230	 0.04223	 0.04806	 813.00000	 0.00000
0.79230	 0.04223	 0.04806	 813.00000	 0.00000
0.79230	 0.04223	 0.04806	 813.00000	 0.00000
0.79230	 0.04223	 0.04806	 875.00000	 0.00018
0.79230	 0.04223	 0.04806	 813.00000	 0.00000
0.79063	 0.04218	 0.04806	 813.00000	 0.00005
0.58467	 0.03334	 0.04282	 589.00000	 0.00041
0.81008	 0.04350	 0.04900	 750.00000	 0.00041
0.79230	 0.04027	 0.04558	 813.00000	 0.00069
0.60995	 0.03692	 0.04774	 595.00000	 0.00069
0.60081	 0.03244	 0.04071	 595.00000	 0.00040
0.75378	 0.04115	 0.04806	 824.00000	 0.00044
0.79230	 0.04277	 0.04873	 770.00000	 0.00032
0.79230	 0.04223	 0.04806	 858.00000	 0.00017
0.85012	 0.04477	 0.04913	 813.00000	 0.00050
0.79230	 0.04754	 0.05476	 813.00000	 0.00174
0.79230	 0.04157	 0.04722	 813.00000	 0.00020
0.79230	 0.04223	 0.04806	 813.00000	 0.00000
0.79230	 0.04223	 0.04806	 813.00000	 0.00000
0.78898	 0.04214	 0.04806	 813.00000	 0.00003
0.81846	 0.04296	 0.04806	 836.00000	 0.00038
0.78209	 0.04194	 0.04806	 813.00000	 0.00032
0.85657	 0.04403	 0.04806	 813.00000	 0.00056
0.79230	 0.04223	 0.04806	 813.00000	 0.00000
0.89328	 0.04363	 0.04645	 813.00000	 0.00037
0.60062	 0.03371	 0.04282	 567.00000	 0.00031
0.85943	 0.04411	 0.04806	 814.00000	 0.00008
0.79229	 0.04223	 0.04806	 813.00000	 0.00000
0.93944	 0.04636	 0.04806	 709.00000	 0.00049
0.79229	 0.04223	 0.04806	 844.00000	 0.00021
0.93800	 0.04485	 0.04649	 804.00000	 0.00018
0.79230	 0.04223	 0.04806	 813.00000	 0.00000
0.79230	 0.04223	 0.04806	 813.00000	 0.00000
0.73203	 0.04054	 0.04806	 851.00000	 0.00069
0.79230	 0.04223	 0.04806	 813.00000	 0.00000
0.74861	 0.04100	 0.04806	 813.00000	 0.00056
0.69680	 0.03798	 0.04580	 861.00000	 0.00064
0.76977	 0.04160	 0.04806	 813.00000	 0.00027
0.79230	 0.04223	 0.04806	 813.00000	 0.00000
0.78726	 0.04209	 0.04806	 819.00000	 0.00009
0.79230	 0.03755	 0.04215	 863.00000	 0.00041
0.79229	 0.03874	 0.04366	 813.00000	 0.00065
0.58300	 0.03608	 0.04758	 595.00000	 0.00057
0.57489	 0.03374	 0.04390	 595.00000	 0.00031
0.58300	 0.03329	 0.04280	 554.00000	 0.00045
0.79230	 0.04268	 0.04863	 796.00000	 0.00028
0.78674	 0.04217	 0.04818	 842.00000	 0.00020
0.79411	 0.03810	 0.04280	 592.00000	 0.00059
0.58119	 0.03631	 0.04806	 828.00000	 0.00060
0.79229	 0.04277	 0.04874	 813.00000	 0.00038
0.91301	 0.04562	 0.04806	 813.00000	 0.00050
0.64218	 0.03802	 0.04806	 725.00000	 0.00056
0.79230	 0.04328	 0.04938	 846.00000	 0.00028
0.79230	 0.04337	 0.04950	 813.00000	 0.00038
0.92205	 0.04587	 0.04806	 813.00000	 0.00049
0.79230	 0.04223	 0.04806	 813.00000	 0.00000
0.79230	 0.04223	 0.04806	 813.00000	 0.00000
0.77751	 0.04225	 0.04861	 813.00000	 0.00019
0.79230	 0.04223	 0.04806	 769.00000	 0.00039
0.79230	 0.04223	 0.04806	 813.00000	 0.00000
0.79835	 0.04240	 0.04806	 925.00000	 0.00024
0.79230	 0.04223	 0.04806	 820.00000	 0.00039
0.76378	 0.04143	 0.04806	 859.00000	 0.00027
0.97633	 0.04739	 0.04806	 692.00000	 0.00059
0.79230	 0.05071	 0.05876	 813.00000	 0.00189
0.79230	 0.04143	 0.04705	 813.00000	 0.00012
0.58300	 0.02949	 0.03628	 595.00000	 0.00020
0.77484	 0.04306	 0.04976	 813.00000	 0.00048
0.79230	 0.04223	 0.04806	 812.00000	 0.00022
0.79230	 0.04223	 0.04806	 822.00000	 0.00008
0.72723	 0.04220	 0.05053	 816.00000	 0.00013
0.79230	 0.04223	 0.04806	 798.00000	 0.00026
0.79230	 0.04572	 0.05247	 813.00000	 0.00038
0.79230	 0.04223	 0.04806	 813.00000	 0.00000
0.71226	 0.03998	 0.04806	 813.00000	 0.00032
0.86188	 0.04418	 0.04806	 813.00000	 0.00112
0.79229	 0.04223	 0.04806	 813.00000	 0.00000
0.79230	 0.04072	 0.04616	 804.00000	 0.00059
0.79229	 0.04223	 0.04806	 807.00000	 0.00012
0.79230	 0.04223	 0.04806	 813.00000	 0.00000
0.79266	 0.04271	 0.04864	 782.00000	 0.00010
0.74189	 0.04127	 0.04867	 813.00000	 0.00071
0.70564	 0.03980	 0.04806	 850.00000	 0.00071
0.77758	 0.04632	 0.05385	 813.00000	 0.00068
0.79230	 0.04168	 0.04737	 803.00000	 0.00011
0.79230	 0.04223	 0.04806	 741.00000	 0.00011
0.80922	 0.04271	 0.04806	 813.00000	 0.00034
0.80368	 0.04174	 0.04705	 813.00000	 0.00006
0.88349	 0.04479	 0.04806	 746.00000	 0.00006
0.77549	 0.04176	 0.04806	 813.00000	 0.00001
0.79230	 0.04156	 0.04721	 813.00000	 0.00011
0.73312	 0.03937	 0.04642	 914.00000	 0.00077
0.79070	 0.04219	 0.04806	 830.00000	 0.00013
0.79230	 0.04223	 0.04806	 813.00000	 0.00000
0.79230	 0.04223	 0.04806	 810.00000	 0.00020
0.79230	 0.04196	 0.04771	 857.00000	 0.00022
0.79230	 0.04223	 0.04806	 813.00000	 0.00000
0.80035	 0.04246	 0.04806	 878.00000	 0.00027
0.79230	 0.04223	 0.04806	 813.00000	 0.00000
0.73515	 0.04063	 0.04806	 813.00000	 0.00066
0.79072	 0.04219	 0.04806	 813.00000	 0.00005
0.79229	 0.04375	 0.04998	 813.00000	 0.00021
0.72217	 0.04026	 0.04806	 813.00000	 0.00048
0.79230	 0.04223	 0.04806	 676.00000	 0.00019
0.72641	 0.04038	 0.04806	 813.00000	 0.00056
0.78972	 0.04216	 0.04806	 819.00000	 0.00056
0.79229	 0.04223	 0.04806	 813.00000	 0.00000
0.79229	 0.04223	 0.04806	 813.00000	 0.00000
0.78463	 0.03977	 0.04520	 813.00000	 0.00060
0.79230	 0.04223	 0.04806	 813.00000	 0.00000
0.80702	 0.04264	 0.04806	 813.00000	 0.00000
0.79230	 0.04829	 0.05570	 813.00000	 0.00071
0.79230	 0.03795	 0.04266	 813.00000	 0.00056
0.79230	 0.04223	 0.04806	 678.00000	 0.00021
0.79786	 0.04253	 0.04824	 813.00000	 0.00014
0.81327	 0.04706	 0.05327	 813.00000	 0.00176
0.84517	 0.04371	 0.04806	 813.00000	 0.00077
0.74144	 0.04080	 0.04806	 813.00000	 0.00053
0.79229	 0.04223	 0.04806	 813.00000	 0.00000
0.79230	 0.04223	 0.04806	 813.00000	 0.00000
0.79230	 0.04062	 0.04602	 832.00000	 0.00074
0.79230	 0.04040	 0.04574	 813.00000	 0.00055
0.79461	 0.04459	 0.05095	 813.00000	 0.00054
0.79230	 0.04223	 0.04806	 813.00000	 0.00000
0.79111	 0.04220	 0.04806	 813.00000	 0.00005
0.79230	 0.04223	 0.04806	 710.00000	 0.00013
0.80890	 0.04270	 0.04806	 813.00000	 0.00034
0.79230	 0.04223	 0.04806	 813.00000	 0.00000
0.79230	 0.04223	 0.04806	 765.00000	 0.00020
0.79230	 0.04223	 0.04806	 721.00000	 0.00015
0.79230	 0.04223	 0.04806	 805.00000	 0.00019
0.79230	 0.04223	 0.04806	 813.00000	 0.00000
0.79230	 0.04465	 0.05111	 769.00000	 0.00069
0.65050	 0.03499	 0.04305	 813.00000	 0.00021
0.79230	 0.04223	 0.04806	 813.00000	 0.00000
0.78151	 0.04097	 0.04684	 813.00000	 0.00064
0.79254	 0.04446	 0.05086	 813.00000	 0.00061
0.79230	 0.04438	 0.05077	 813.00000	 0.00052
0.79230	 0.04223	 0.04806	 813.00000	 0.00000
0.89141	 0.04501	 0.04806	 813.00000	 0.00033
0.64288	 0.04158	 0.05357	 803.00000	 0.00106
0.79229	 0.04223	 0.04806	 843.00000	 0.00027
0.79892	 0.04242	 0.04806	 813.00000	 0.00001
0.79229	 0.04223	 0.04806	 807.00000	 0.00012
0.79229	 0.04223	 0.04806	 813.00000	 0.00000
0.75763	 0.04126	 0.04806	 813.00000	 0.00054
0.79230	 0.04223	 0.04806	 813.00000	 0.00000
0.79230	 0.03998	 0.04522	 813.00000	 0.00028
0.79230	 0.04436	 0.05075	 813.00000	 0.00052
0.79230	 0.04223	 0.04806	 813.00000	 0.00000
0.79229	 0.04223	 0.04806	 813.00000	 0.00000
0.79230	 0.04463	 0.05108	 798.00000	 0.00060
0.72837	 0.04044	 0.04806	 796.00000	 0.00065
0.79230	 0.03373	 0.03733	 813.00000	 0.00021
0.66971	 0.03879	 0.04806	 747.00000	 0.00066
0.79230	 0.04223	 0.04806	 827.00000	 0.00046
0.82894	 0.04540	 0.05064	 912.00000	 0.00028
0.79230	 0.04223	 0.04806	 813.00000	 0.00000
0.79229	 0.04223	 0.04806	 813.00000	 0.00000
0.80094	 0.04247	 0.04806	 813.00000	 0.00000
0.79230	 0.04223	 0.04806	 813.00000	 0.00000
0.70083	 0.04118	 0.05022	 813.00000	 0.00049
0.79229	 0.04223	 0.04806	 724.00000	 0.00001
0.75909	 0.04130	 0.04806	 833.00000	 0.00044
0.79230	 0.04223	 0.04806	 894.00000	 0.00029
0.79230	 0.03990	 0.04512	 813.00000	 0.00061
0.79230	 0.03783	 0.04251	 813.00000	 0.00061
0.79230	 0.04202	 0.04779	 813.00000	 0.00011
0.79229	 0.04223	 0.04806	 865.00000	 0.00003
0.79230	 0.04223	 0.04806	 813.00000	 0.00000
0.79229	 0.04455	 0.05099	 813.00000	 0.00059
0.79229	 0.04223	 0.04806	 813.00000	 0.00000
0.68663	 0.03927	 0.04806	 813.00000	 0.00108
0.79230	 0.03836	 0.04318	 813.00000	 0.00065
0.79229	 0.04223	 0.04806	 727.00000	 0.00028
0.77092	 0.04428	 0.05149	 813.00000	 0.00114
0.79229	 0.03963	 0.04478	 813.00000	 0.00041
0.78654	 0.04500	 0.05178	 834.00000	 0.00052
0.79229	 0.04223	 0.04806	 738.00000	 0.00013
0.78042	 0.04190	 0.04806	 813.00000	 0.00004
0.79230	 0.04223	 0.04806	 825.00000	 0.00014
0.70477	 0.04345	 0.05327	 804.00000	 0.00077
0.79229	 0.04223	 0.04806	 765.00000	 0.00024
0.81543	 0.03933	 0.04371	 813.00000	 0.00024
0.86971	 0.04440	 0.04806	 813.00000	 0.00063
0.79230	 0.04223	 0.04806	 813.00000	 0.00000
0.79229	 0.04223	 0.04806	 813.00000	 0.00000
0.79229	 0.04223	 0.04806	 794.00000	 0.00044
0.79230	 0.04452	 0.05095	 813.00000	 0.00057
0.79230	 0.04223	 0.04806	 813.00000	 0.00000
0.79229	 0.04223	 0.04806	 813.00000	 0.00000
0.70735	 0.03965	 0.04778	 813.00000	 0.00066
0.92947	 0.04608	 0.04806	 823.00000	 0.00045
0.71433	 0.03971	 0.04759	 813.00000	 0.00047
0.79230	 0.04223	 0.04806	 813.00000	 0.00000
0.78182	 0.04126	 0.04719	 813.00000	 0.00067
0.79230	 0.04223	 0.04806	 828.00000	 0.00022
0.79230	 0.04223	 0.04806	 799.00000	 0.00027
0.79229	 0.04223	 0.04806	 813.00000	 0.00000
0.79260	 0.04187	 0.04759	 813.00000	 0.00004
0.93459	 0.04622	 0.04806	 808.00000	 0.00130
0.79217	 0.04654	 0.05350	 864.00000	 0.00047
0.80668	 0.04263	 0.04806	 813.00000	 0.00013
0.79230	 0.04223	 0.04806	 813.00000	 0.00000
0.79230	 0.04364	 0.04984	 813.00000	 0.00048
0.79230	 0.04223	 0.04806	 813.00000	 0.00000
0.76091	 0.04135	 0.04806	 828.00000	 0.00055
0.71269	 0.04000	 0.04806	 793.00000	 0.00039
0.79230	 0.04223	 0.04806	 813.00000	 0.00000
0.79229	 0.03996	 0.04519	 813.00000	 0.00030
0.79229	 0.04315	 0.04921	 813.00000	 0.00041
0.79230	 0.04427	 0.05064	 726.00000	 0.00066
0.79230	 0.04223	 0.04806	 800.00000	 0.00033
0.77409	 0.04172	 0.04806	 813.00000	 0.00001
0.79211	 0.04223	 0.04806	 813.00000	 0.00005
0.79230	 0.04223	 0.04806	 813.00000	 0.00000
0.79229	 0.04223	 0.04806	 813.00000	 0.00000
0.79229	 0.04223	 0.04806	 813.00000	 0.00000
0.81289	 0.04281	 0.04806	 813.00000	 0.00036
0.76602	 0.04149	 0.04806	 865.00000	 0.00045
0.79229	 0.04579	 0.05255	 813.00000	 0.00045
0.80094	 0.03961	 0.04448	 914.00000	 0.00002
0.79229	 0.04223	 0.04806	 813.00000	 0.00000
0.79229	 0.04223	 0.04806	 813.00000	 0.00000
0.79229	 0.04223	 0.04806	 813.00000	 0.00000
0.79230	 0.04223	 0.04806	 813.00000	 0.00000
0.79230	 0.04223	 0.04806	 813.00000	 0.00000
0.79229	 0.04223	 0.04806	 688.00000	 0.00023
0.72233	 0.04102	 0.04911	 682.00000	 0.00068
0.79229	 0.04296	 0.04898	 813.00000	 0.00068
0.79230	 0.04223	 0.04806	 824.00000	 0.00022
0.78059	 0.04452	 0.05141	 813.00000	 0.00062
0.88385	 0.04493	 0.04820	 813.00000	 0.00062
0.79941	 0.04243	 0.04806	 813.00000	 0.00001
0.83398	 0.04340	 0.04806	 813.00000	 0.00041
0.79229	 0.04223	 0.04806	 813.00000	 0.00000
0.78702	 0.04331	 0.04962	 813.00000	 0.00036
0.79229	 0.04223	 0.04806	 785.00000	 0.00022
0.81421	 0.04233	 0.04743	 813.00000	 0.00012
0.79229	 0.04223	 0.04806	 813.00000	 0.00000
0.79230	 0.04223	 0.04806	 813.00000	 0.00000
0.77847	 0.04184	 0.04806	 813.00000	 0.00006
0.79229	 0.04223	 0.04806	 805.00000	 0.00019
0.78861	 0.04213	 0.04806	 813.00000	 0.00002
0.76801	 0.04155	 0.04806	 813.00000	 0.00028
0.79229	 0.04223	 0.04806	 813.00000	 0.00000
0.79229	 0.04223	 0.04806	 813.00000	 0.00000
0.84797	 0.04379	 0.04806	 813.00000	 0.00000
0.79229	 0.04093	 0.04642	 813.00000	 0.00064
0.79229	 0.04275	 0.04872	 813.00000	 0.00034
0.79229	 0.04217	 0.04799	 845.00000	 0.00117
0.78544	 0.04204	 0.04806	 813.00000	 0.00014
0.79229	 0.04284	 0.04883	 813.00000	 0.00021
0.81502	 0.04287	 0.04806	 813.00000	 0.00043
0.79229	 0.04223	 0.04806	 734.00000	 0.00002
0.79229	 0.04223	 0.04806	 813.00000	 0.00000
0.79229	 0.04223	 0.04806	 731.00000	 0.00026
0.83596	 0.04263	 0.04707	 802.00000	 0.00030
0.79229	 0.04280	 0.04877	 813.00000	 0.00038
0.80865	 0.04269	 0.04806	 813.00000	 0.00034
0.79413	 0.04228	 0.04806	 813.00000	 0.00015
0.79229	 0.04223	 0.04806	 813.00000	 0.00000
0.79229	 0.04223	 0.04806	 813.00000	 0.00000
0.79229	 0.04170	 0.04739	 813.00000	 0.00006
0.90424	 0.04537	 0.04806	 807.00000	 0.00043
0.75383	 0.04115	 0.04806	 794.00000	 0.00076
0.83590	 0.04345	 0.04806	 813.00000	 0.00081
0.75330	 0.04114	 0.04806	 813.00000	 0.00048
0.76003	 0.04132	 0.04806	 813.00000	 0.00068
0.79230	 0.03853	 0.04338	 813.00000	 0.00064
0.80557	 0.03940	 0.04408	 791.00000	 0.00054
0.79230	 0.04223	 0.04806	 809.00000	 0.00015
0.79229	 0.04223	 0.04806	 813.00000	 0.00000
0.78068	 0.03896	 0.04429	 813.00000	 0.00080
0.79229	 0.04223	 0.04806	 813.00000	 0.00000
0.79229	 0.04223	 0.04806	 782.00000	 0.00019
0.79229	 0.04223	 0.04806	 813.00000	 0.00000
0.79229	 0.04223	 0.04806	 813.00000	 0.00000
0.70278	 0.03972	 0.04806	 813.00000	 0.00045
0.79229	 0.04223	 0.04806	 813.00000	 0.00000
0.79229	 0.04223	 0.04806	 789.00000	 0.00008
0.79229	 0.04239	 0.04826	 813.00000	 0.00001
0.80674	 0.04082	 0.04580	 801.00000	 0.00060
0.79229	 0.04223	 0.04806	 813.00000	 0.00000
0.79230	 0.04112	 0.04665	 813.00000	 0.00065
0.79230	 0.04223	 0.04806	 813.00000	 0.00000
0.52625	 0.03485	 0.04822	 813.00000	 0.00017
0.79229	 0.04223	 0.04806	 813.00000	 0.00000
0.79229	 0.04115	 0.04670	 832.00000	 0.00053
0.79229	 0.04225	 0.04808	 813.00000	 0.00016
0.75985	 0.03502	 0.03977	 813.00000	 0.00012
0.79229	 0.04230	 0.04814	 875.00000	 0.00017
0.79229	 0.04223	 0.04806	 813.00000	 0.00000
0.79229	 0.04223	 0.04806	 793.00000	 0.00027
0.78111	 0.03848	 0.04366	 813.00000	 0.00064
0.79771	 0.04191	 0.04747	 791.00000	 0.00023
0.79229	 0.03921	 0.04425	 813.00000	 0.00032
0.79229	 0.04223	 0.04806	 813.00000	 0.00000
0.79229	 0.04223	 0.04806	 818.00000	 0.00034
0.78241	 0.04274	 0.04906	 813.00000	 0.00026
0.79229	 0.04483	 0.05134	 813.00000	 0.00074
0.79229	 0.03992	 0.04514	 813.00000	 0.00061
0.79229	 0.04223	 0.04806	 813.00000	 0.00000
0.79229	 0.04234	 0.04819	 813.00000	 0.00016
0.79229	 0.04238	 0.04824	 839.00000	 0.00004
0.79229	 0.04223	 0.04806	 813.00000	 0.00000
0.79230	 0.04223	 0.04806	 839.00000	 0.00007
0.79229	 0.04223	 0.04806	 813.00000	 0.00000
0.84797	 0.04379	 0.04806	 813.00000	 0.00000
0.79229	 0.03867	 0.04356	 813.00000	 0.00077
0.79229	 0.04121	 0.04677	 813.00000	 0.00055
0.79229	 0.04091	 0.04639	 813.00000	 0.00062
0.90224	 0.04360	 0.04616	 811.00000	 0.00078
0.83533	 0.04344	 0.04806	 817.00000	 0.00096
0.78707	 0.04208	 0.04806	 813.00000	 0.00096
0.96792	 0.04716	 0.04806	 813.00000	 0.00037
0.79229	 0.04294	 0.04895	 834.00000	 0.00031
0.79229	 0.04223	 0.04806	 813.00000	 0.00000
0.79229	 0.04416	 0.05049	 824.00000	 0.00100
0.79229	 0.04056	 0.04595	 813.00000	 0.00068
0.81107	 0.04276	 0.04806	 813.00000	 0.00034
0.79229	 0.04223	 0.04806	 813.00000	 0.00000
0.79229	 0.04223	 0.04806	 867.00000	 0.00031
0.68332	 0.03917	 0.04806	 813.00000	 0.00073
0.79229	 0.04223	 0.04806	 813.00000	 0.00000
0.79229	 0.04223	 0.04806	 813.00000	 0.00000
0.79229	 0.04419	 0.05053	 734.00000	 0.00061
0.82908	 0.04326	 0.04806	 813.00000	 0.00045
0.79229	 0.03945	 0.04456	 813.00000	 0.00059
0.87416	 0.04453	 0.04806	 813.00000	 0.00010
0.79229	 0.04223	 0.04806	 813.00000	 0.00000
0.79229	 0.04223	 0.04806	 813.00000	 0.00000
0.79229	 0.04223	 0.04806	 816.00000	 0.00013
0.79229	 0.04118	 0.04674	 872.00000	 0.00053
0.79229	 0.04223	 0.04806	 796.00000	 0.00017
0.79229	 0.04223	 0.04806	 813.00000	 0.00000
0.78855	 0.04333	 0.04958	 813.00000	 0.00039
0.71032	 0.03993	 0.04806	 813.00000	 0.00014
0.79229	 0.04223	 0.04806	 813.00000	 0.00000
0.88975	 0.04496	 0.04806	 801.00000	 0.00035
0.79229	 0.04223	 0.04806	 813.00000	 0.00000
0.87343	 0.04451	 0.04806	 943.00000	 0.00007
0.79229	 0.04223	 0.04806	 811.00000	 0.00022
0.61434	 0.03724	 0.04806	 813.00000	 0.00072
0.79229	 0.04130	 0.04689	 813.00000	 0.00048
0.79229	 0.04223	 0.04806	 813.00000	 0.00000
0.77865	 0.04086	 0.04679	 813.00000	 0.00070
0.79229	 0.04223	 0.04806	 791.00000	 0.00012
0.75122	 0.04669	 0.05552	 813.00000	 0.00069
0.79229	 0.03988	 0.04509	 813.00000	 0.00061
0.82851	 0.04325	 0.04806	 813.00000	 0.00061
0.79229	 0.04223	 0.04806	 813.00000	 0.00000
0.79229	 0.04223	 0.04806	 817.00000	 0.00014
0.74359	 0.04086	 0.04806	 813.00000	 0.00057
0.79229	 0.04137	 0.04698	 780.00000	 0.00074
0.79229	 0.04223	 0.04806	 813.00000	 0.00000
0.75651	 0.04597	 0.05432	 813.00000	 0.00034
0.79229	 0.04301	 0.04904	 862.00000	 0.00034
0.79229	 0.04281	 0.04878	 813.00000	 0.00038
0.79229	 0.04223	 0.04806	 855.00000	 0.00006
0.79229	 0.04223	 0.04806	 705.00000	 0.00015
0.79229	 0.04223	 0.04806	 762.00000	 0.00025
0.59414	 0.03667	 0.04806	 813.00000	 0.00046
0.79229	 0.04223	 0.04806	 813.00000	 0.00000
0.85255	 0.04392	 0.04806	 813.00000	 0.00053
0.79229	 0.03941	 0.04450	 813.00000	 0.00066
0.79229	 0.04223	 0.04806	 813.00000	 0.00000
0.79229	 0.04223	 0.04806	 813.00000	 0.00000
0.73538	 0.04063	 0.04806	 655.00000	 0.00069
0.79229	 0.04223	 0.04806	 922.00000	 0.00017
0.82093	 0.04538	 0.05091	 813.00000	 0.00050
0.88006	 0.04469	 0.04806	 813.00000	 0.00049
0.79229	 0.04222	 0.04805	 880.00000	 0.00009
0.82903	 0.04326	 0.04806	 813.00000	 0.00045
0.79229	 0.04223	 0.04806	 759.00000	 0.00014
0.79229	 0.04223	 0.04806	 813.00000	 0.00000
0.79579	 0.04479	 0.05116	 776.00000	 0.00235
0.79229	 0.04223	 0.04806	 813.00000	 0.00000
0.79229	 0.04223	 0.04806	 813.00000	 0.00000
0.79229	 0.04055	 0.04594	 813.00000	 0.00059
0.79229	 0.04223	 0.04806	 789.00000	 0.00008
0.79229	 0.04223	 0.04806	 813.00000	 0.00000
0.80957	 0.04490	 0.05076	 746.00000	 0.00005
0.79229	 0.04223	 0.04806	 813.00000	 0.00000
0.79229	 0.04223	 0.04806	 810.00000	 0.00020
0.79229	 0.04223	 0.04806	 813.00000	 0.00000
0.79229	 0.04223	 0.04806	 813.00000	 0.00000
0.79229	 0.04223	 0.04806	 816.00000	 0.00013
0.91680	 0.04532	 0.04761	 825.00000	 0.00013
0.79229	 0.04223	 0.04806	 741.00000	 0.00006
0.79229	 0.04698	 0.05405	 841.00000	 0.00101
0.79229	 0.04223	 0.04806	 813.00000	 0.00000
0.82662	 0.04319	 0.04806	 813.00000	 0.00044
0.79229	 0.04526	 0.05188	 813.00000	 0.00049
0.80144	 0.04249	 0.04806	 813.00000	 0.00013
0.79229	 0.04223	 0.04806	 813.00000	 0.00000
0.79472	 0.04230	 0.04806	 813.00000	 0.00015
0.79229	 0.04509	 0.05166	 813.00000	 0.00059
0.79229	 0.04223	 0.04806	 813.00000	 0.00000
0.74775	 0.04314	 0.05095	 813.00000	 0.00035
0.79229	 0.03679	 0.04119	 813.00000	 0.00067
0.79229	 0.04223	 0.04806	 813.00000	 0.00000
0.79229	 0.04223	 0.04806	 813.00000	 0.00000
0.80948	 0.04271	 0.04806	 813.00000	 0.00034
0.83610	 0.04346	 0.04806	 813.00000	 0.00030
0.79229	 0.04548	 0.05216	 813.00000	 0.00030
0.73511	 0.04639	 0.05590	 874.00000	 0.00076
0.77677	 0.04179	 0.04806	 751.00000	 0.00006
0.79229	 0.04223	 0.04806	 813.00000	 0.00000
0.79229	 0.03990	 0.04512	 904.00000	 0.00058
0.79229	 0.04223	 0.04806	 813.00000	 0.00000
0.79229	 0.04223	 0.04806	 813.00000	 0.00000
0.79215	 0.03908	 0.04409	 813.00000	 0.00086
0.75936	 0.03877	 0.04471	 780.00000	 0.00068
0.77083	 0.04115	 0.04744	 748.00000	 0.00043
0.79229	 0.04223	 0.04806	 813.00000	 0.00000
0.79229	 0.04223	 0.04806	 813.00000	 0.00000
0.79229	 0.04223	 0.04806	 813.00000	 0.00000
0.79229	 0.04223	 0.04806	 813.00000	 0.00000
0.77876	 0.04182	 0.04802	 813.00000	 0.00005
0.79229	 0.03983	 0.04502	 813.00000	 0.00054
0.79229	 0.04223	 0.04806	 813.00000	 0.00000
0.82447	 0.04447	 0.04968	 813.00000	 0.00095
0.79229	 0.04223	 0.04806	 672.00000	 0.00003
0.79229	 0.04223	 0.04806	 760.00000	 0.00024
0.74301	 0.04085	 0.04806	 813.00000	 0.00064
0.79229	 0.04110	 0.04663	 813.00000	 0.00059
0.79229	 0.04223	 0.04806	 813.00000	 0.00000
0.79229	 0.04117	 0.04672	 813.00000	 0.00052
0.79229	 0.04223	 0.04806	 813.00000	 0.00000
0.77835	 0.04184	 0.04806	 813.00000	 0.00006
0.94676	 0.04656	 0.04806	 813.00000	 0.00064
0.88036	 0.04779	 0.05157	 813.00000	 0.00061
0.74435	 0.04383	 0.05202	 790.00000	 0.00063
0.79229	 0.04120	 0.04676	 862.00000	 0.00047
0.79229	 0.04067	 0.04609	 813.00000	 0.00072
0.79229	 0.03869	 0.04359	 813.00000	 0.00075
0.79229	 0.04065	 0.04606	 813.00000	 0.00061
0.79229	 0.04223	 0.04806	 813.00000	 0.00000
0.79229	 0.04223	 0.04806	 813.00000	 0.00000
0.79229	 0.04223	 0.04806	 813.00000	 0.00000
0.79229	 0.04370	 0.04992	 800.00000	 0.00051
0.79229	 0.04169	 0.04737	 813.00000	 0.00020
0.79229	 0.04223	 0.04806	 802.00000	 0.00025
0.79229	 0.04381	 0.05005	 813.00000	 0.00047
0.79229	 0.04223	 0.04806	 813.00000	 0.00000
0.79229	 0.04262	 0.04855	 822.00000	 0.00041
0.79229	 0.04320	 0.04928	 813.00000	 0.00035
0.79229	 0.04223	 0.04806	 813.00000	 0.00000
0.79229	 0.03880	 0.04372	 813.00000	 0.00060
0.79229	 0.04274	 0.04870	 813.00000	 0.00034
0.79229	 0.04142	 0.04704	 813.00000	 0.00011
0.79229	 0.04223	 0.04806	 813.00000	 0.00000
0.79229	 0.04223	 0.04806	 813.00000	 0.00000
0.79229	 0.04223	 0.04806	 808.00000	 0.00002
0.79229	 0.04231	 0.04816	 886.00000	 0.00028
0.79229	 0.04223	 0.04806	 813.00000	 0.00000
0.79229	 0.04223	 0.04806	 813.00000	 0.00000
0.79229	 0.04223	 0.04806	 813.00000	 0.00000
0.76433	 0.04085	 0.04728	 813.00000	 0.00052
0.87545	 0.04456	 0.04806	 813.00000	 0.00045
0.79229	 0.04223	 0.04806	 813.00000	 0.00000
0.79229	 0.04464	 0.05110	 813.00000	 0.00056
0.79229	 0.04223	 0.04806	 880.00000	 0.00027
0.79229	 0.04205	 0.04783	 813.00000	 0.00019
0.75571	 0.04120	 0.04806	 813.00000	 0.00019
0.74791	 0.04098	 0.04806	 819.00000	 0.00068
0.79229	 0.04223	 0.04806	 815.00000	 0.00012
0.79229	 0.03794	 0.04265	 813.00000	 0.00063
0.79229	 0.03626	 0.04052	 728.00000	 0.00023
0.79229	 0.04223	 0.04806	 811.00000	 0.00022
0.80109	 0.04248	 0.04806	 813.00000	 0.00013
0.86676	 0.04418	 0.04789	 813.00000	 0.00020
0.77016	 0.04161	 0.04806	 828.00000	 0.00018
0.79229	 0.04223	 0.04806	 813.00000	 0.00000
0.79229	 0.03989	 0.04511	 758.00000	 0.00059
0.79229	 0.04223	 0.04806	 813.00000	 0.00000
0.79229	 0.04223	 0.04806	 813.00000	 0.00000
0.80075	 0.04332	 0.04913	 813.00000	 0.00066
0.73298	 0.04057	 0.04806	 813.00000	 0.00071
0.79229	 0.04223	 0.04806	 813.00000	 0.00000
0.85422	 0.04397	 0.04806	 813.00000	 0.00052
0.79229	 0.04223	 0.04806	 813.00000	 0.00000
0.76891	 0.04157	 0.04806	 813.00000	 0.00031
0.79229	 0.04223	 0.04806	 813.00000	 0.00000
0.79229	 0.04234	 0.04820	 813.00000	 0.00015
0.79229	 0.04223	 0.04806	 813.00000	 0.00000
0.77206	 0.04166	 0.04806	 806.00000	 0.00024
0.79229	 0.04223	 0.04806	 810.00000	 0.00020
0.79229	 0.04223	 0.04806	 749.00000	 0.00039
0.79229	 0.04223	 0.04806	 813.00000	 0.00000
0.80332	 0.04254	 0.04806	 813.00000	 0.00013
0.79352	 0.04230	 0.04810	 813.00000	 0.00015
0.79229	 0.04187	 0.04760	 813.00000	 0.00004
0.79229	 0.04235	 0.04822	 818.00000	 0.00011
0.65631	 0.03612	 0.04456	 813.00000	 0.00032
0.79229	 0.04223	 0.04806	 813.00000	 0.00000
0.88845	 0.04493	 0.04806	 813.00000	 0.00051
0.79229	 0.04223	 0.04806	 885.00000	 0.00013
0.79229	 0.04223	 0.04806	 861.00000	 0.00140
0.74055	 0.03989	 0.04686	 813.00000	 0.00036
0.83009	 0.04329	 0.04806	 813.00000	 0.00043
0.78123	 0.04192	 0.04806	 747.00000	 0.00017
0.79229	 0.04223	 0.04806	 813.00000	 0.00000
0.69069	 0.04081	 0.05013	 813.00000	 0.00057
0.79229	 0.04223	 0.04806	 849.00000	 0.00015
0.79229	 0.04156	 0.04721	 813.00000	 0.00011
0.79229	 0.04223	 0.04806	 830.00000	 0.00119
0.84968	 0.04384	 0.04806	 813.00000	 0.00048
0.79229	 0.03926	 0.04431	 817.00000	 0.00082
0.79229	 0.04223	 0.04806	 837.00000	 0.00017
0.79071	 0.04219	 0.04806	 868.00000	 0.00024
0.79229	 0.04223	 0.04806	 813.00000	 0.00000
0.79229	 0.04102	 0.04653	 813.00000	 0.00035
0.79229	 0.04223	 0.04806	 813.00000	 0.00000
0.81151	 0.04277	 0.04806	 813.00000	 0.00037
0.83129	 0.04332	 0.04806	 874.00000	 0.00075
0.79229	 0.04223	 0.04806	 705.00000	 0.00015
0.79229	 0.04223	 0.04806	 813.00000	 0.00000
0.79229	 0.04223	 0.04806	 810.00000	 0.00020
0.79229	 0.04223	 0.04806	 813.00000	 0.00000
0.79229	 0.04223	 0.04806	 757.00000	 0.00022
0.79229	 0.04223	 0.04806	 878.00000	 0.00013
0.79229	 0.04223	 0.04806	 810.00000	 0.00020
0.79229	 0.04262	 0.04855	 813.00000	 0.00001
0.79229	 0.04223	 0.04806	 813.00000	 0.00000
0.79229	 0.04223	 0.04806	 745.00000	 0.00020
0.79229	 0.04223	 0.04806	 813.00000	 0.00000
0.79229	 0.04167	 0.04735	 829.00000	 0.00032
0.79229	 0.04223	 0.04806	 813.00000	 0.00000
0.79229	 0.04254	 0.04845	 813.00000	 0.00014
0.79229	 0.04158	 0.04723	 902.00000	 0.00001
0.79229	 0.04223	 0.04806	 777.00000	 0.00002
0.79229	 0.04266	 0.04860	 813.00000	 0.00012
0.89432	 0.04619	 0.04928	 790.00000	 0.00041
0.79229	 0.04223	 0.04806	 813.00000	 0.00000
0.79428	 0.04229	 0.04806	 813.00000	 0.00015
0.70846	 0.03505	 0.04125	 813.00000	 0.00049
0.79229	 0.04223	 0.04806	 813.00000	 0.00000
0.80272	 0.04252	 0.04806	 749.00000	 0.00016
0.79229	 0.04291	 0.04892	 813.00000	 0.00040
0.79229	 0.04223	 0.04806	 803.00000	 0.00040
0.92120	 0.04585	 0.04806	 813.00000	 0.00060
0.79229	 0.04223	 0.04806	 813.00000	 0.00000
0.79229	 0.04223	 0.04806	 813.00000	 0.00000
0.79419	 0.04228	 0.04806	 813.00000	 0.00015
0.82282	 0.04309	 0.04806	 813.00000	 0.00043
0.79229	 0.04282	 0.04880	 813.00000	 0.00038
0.79229	 0.04223	 0.04806	 826.00000	 0.00022
0.79229	 0.04009	 0.04536	 813.00000	 0.00019
0.78209	 0.04416	 0.05090	 807.00000	 0.00072
0.75665	 0.04042	 0.04699	 813.00000	 0.00055
0.79229	 0.04223	 0.04806	 813.00000	 0.00000
0.79229	 0.04223	 0.04806	 813.00000	 0.00000
0.79229	 0.04009	 0.04536	 826.00000	 0.00054
0.75229	 0.04073	 0.04755	 813.00000	 0.00062
0.79229	 0.04223	 0.04806	 813.00000	 0.00000
0.81286	 0.04445	 0.05008	 813.00000	 0.00055
0.79229	 0.04223	 0.04806	 809.00000	 0.00015
0.79229	 0.04067	 0.04609	 739.00000	 0.00059
0.79229	 0.04223	 0.04806	 729.00000	 0.00003
0.79460	 0.04230	 0.04806	 850.00000	 0.00042
0.79229	 0.04300	 0.04904	 688.00000	 0.00033
0.79229	 0.04458	 0.05102	 813.00000	 0.00068
0.78732	 0.04209	 0.04806	 813.00000	 0.00068
0.79229	 0.04410	 0.05042	 813.00000	 0.00064
0.79229	 0.04223	 0.04806	 813.00000	 0.00000
0.79229	 0.04223	 0.04806	 813.00000	 0.00000
0.66064	 0.03854	 0.04806	 813.00000	 0.00047
0.79229	 0.04223	 0.04806	 813.00000	 0.00000
0.79229	 0.04153	 0.04718	 813.00000	 0.00005
0.79229	 0.03576	 0.03989	 813.00000	 0.00085
0.79229	 0.04223	 0.04806	 946.00000	 0.00026
0.84842	 0.04631	 0.05101	 841.00000	 0.00052
0.79229	 0.04223	 0.04806	 813.00000	 0.00000
0.79229	 0.04223	 0.04806	 813.00000	 0.00000
0.79229	 0.04223	 0.04806	 813.00000	 0.00000
0.79229	 0.04223	 0.04806	 821.00000	 0.00014
0.79229	 0.04223	 0.04806	 813.00000	 0.00000
0.79229	 0.04223	 0.04806	 813.00000	 0.00000
0.79229	 0.04317	 0.04924	 813.00000	 0.00000
0.79229	 0.04230	 0.04814	 813.00000	 0.00015
0.79229	 0.04218	 0.04799	 813.00000	 0.00005
0.89520	 0.04404	 0.04686	 813.00000	 0.00008
0.79229	 0.04242	 0.04829	 813.00000	 0.00001
0.79229	 0.04312	 0.04918	 743.00000	 0.00025
0.79895	 0.04242	 0.04806	 813.00000	 0.00001
0.79229	 0.04223	 0.04806	 813.00000	 0.00000
0.79229	 0.04223	 0.04806	 915.00000	 0.00013
0.79229	 0.04223	 0.04806	 813.00000	 0.00000
0.79229	 0.04223	 0.04806	 813.00000	 0.00000
0.79229	 0.04223	 0.04806	 920.00000	 0.00014
0.79229	 0.04223	 0.04806	 813.00000	 0.00000
0.79229	 0.04223	 0.04806	 809.00000	 0.00015
0.79229	 0.04223	 0.04806	 813.00000	 0.00000
0.79229	 0.04223	 0.04806	 806.00000	 0.00053
0.79229	 0.04223	 0.04806	 813.00000	 0.00000
0.67198	 0.04026	 0.05015	 813.00000	 0.00052
0.79229	 0.03925	 0.04430	 813.00000	 0.00094
0.79229	 0.04223	 0.04806	 767.00000	 0.00031
0.76937	 0.04159	 0.04806	 813.00000	 0.00024
0.79229	 0.04223	 0.04806	 749.00000	 0.00039
0.75817	 0.04406	 0.05173	 838.00000	 0.00046
0.79229	 0.04223	 0.04806	 813.00000	 0.00000
0.79229	 0.04223	 0.04806	 795.00000	 0.00004
0.82529	 0.04316	 0.04806	 809.00000	 0.00049
0.79229	 0.04223	 0.04806	 750.00000	 0.00004
0.79229	 0.04020	 0.04550	 813.00000	 0.00059
0.79229	 0.04502	 0.05158	 813.00000	 0.00048
0.79229	 0.04192	 0.04767	 859.00000	 0.00036
0.79229	 0.04223	 0.04806	 813.00000	 0.00000
0.79229	 0.04223	 0.04806	 813.00000	 0.00000
0.79229	 0.04219	 0.04801	 813.00000	 0.00004
0.79229	 0.04223	 0.04806	 813.00000	 0.00000
0.79229	 0.04223	 0.04806	 813.00000	 0.00000
0.79229	 0.03824	 0.04302	 813.00000	 0.00060
0.79229	 0.04223	 0.04806	 813.00000	 0.00000
0.79229	 0.04686	 0.05391	 859.00000	 0.00060
0.82308	 0.04309	 0.04806	 790.00000	 0.00029
0.95100	 0.04668	 0.04806	 813.00000	 0.00055
0.79229	 0.04223	 0.04806	 834.00000	 0.00009
0.79229	 0.04223	 0.04806	 813.00000	 0.00000
0.79229	 0.04223	 0.04806	 813.00000	 0.00000
0.79229	 0.04223	 0.04806	 813.00000	 0.00000
0.79229	 0.04223	 0.04806	 813.00000	 0.00000
0.84364	 0.04367	 0.04806	 813.00000	 0.00036
0.82491	 0.04045	 0.04479	 820.00000	 0.00062
0.79229	 0.04223	 0.04806	 813.00000	 0.00000
0.79229	 0.04223	 0.04806	 813.00000	 0.00000
0.79229	 0.04223	 0.04806	 840.00000	 0.00000
0.80464	 0.04258	 0.04806	 813.00000	 0.00004
0.79229	 0.04223	 0.04806	 825.00000	 0.00014
0.77188	 0.04016	 0.04611	 820.00000	 0.00048
0.79229	 0.04223	 0.04806	 813.00000	 0.00000
0.75488	 0.04118	 0.04806	 813.00000	 0.00037
0.79229	 0.04223	 0.04806	 813.00000	 0.00000
0.79229	 0.03986	 0.04506	 813.00000	 0.00061
0.78708	 0.04208	 0.04806	 813.00000	 0.00061
0.89559	 0.04420	 0.04702	 816.00000	 0.00030
0.79229	 0.04223	 0.04806	 784.00000	 0.00019
0.79229	 0.04223	 0.04806	 813.00000	 0.00000
0.79229	 0.04059	 0.04598	 813.00000	 0.00061
0.79229	 0.04223	 0.04806	 908.00000	 0.00061
0.75266	 0.03745	 0.04318	 813.00000	 0.00073
0.79229	 0.04223	 0.04806	 843.00000	 0.00027
0.79346	 0.04226	 0.04806	 813.00000	 0.00016
0.77827	 0.04176	 0.04795	 813.00000	 0.00000
0.79229	 0.04271	 0.04866	 645.00000	 0.00010
0.79229	 0.04223	 0.04806	 813.00000	 0.00000
0.82864	 0.04325	 0.04806	 958.00000	 0.00050
0.79229	 0.04432	 0.05070	 837.00000	 0.00057
0.77258	 0.04168	 0.04806	 813.00000	 0.00001
0.51268	 0.03476	 0.04878	 968.00000	 0.00017
0.79229	 0.04255	 0.04846	 813.00000	 0.00014
0.79229	 0.04402	 0.05031	 813.00000	 0.00069
0.79229	 0.04256	 0.04848	 848.00000	 0.00013
0.83713	 0.04349	 0.04806	 813.00000	 0.00042
0.73036	 0.04002	 0.04741	 813.00000	 0.00041
0.75513	 0.04098	 0.04779	 813.00000	 0.00067
0.79229	 0.04223	 0.04806	 813.00000	 0.00000
0.88620	 0.04487	 0.04806	 730.00000	 0.00021
0.72409	 0.03961	 0.04708	 709.00000	 0.00051
0.78563	 0.04204	 0.04806	 813.00000	 0.00032
0.94417	 0.04649	 0.04806	 813.00000	 0.00079
0.87469	 0.04454	 0.04806	 813.00000	 0.00045
0.85796	 0.04627	 0.05062	 813.00000	 0.00033
0.75686	 0.04124	 0.04806	 813.00000	 0.00047
0.74433	 0.04088	 0.04806	 813.00000	 0.00057
0.66236	 0.03745	 0.04635	 813.00000	 0.00051
0.79229	 0.04223	 0.04806	 813.00000	 0.00000
0.90315	 0.04534	 0.04806	 813.00000	 0.00021
0.79229	 0.04103	 0.04654	 813.00000	 0.00038
0.74941	 0.04103	 0.04806	 813.00000	 0.00046
0.79229	 0.04223	 0.04806	 813.00000	 0.00000
0.71190	 0.03997	 0.04806	 813.00000	 0.00032
0.79229	 0.04223	 0.04806	 829.00000	 0.00009
0.79229	 0.04223	 0.04806	 813.00000	 0.00000
0.79229	 0.04094	 0.04643	 813.00000	 0.00067
0.79229	 0.04223	 0.04806	 804.00000	 0.00012
0.70606	 0.03981	 0.04806	 813.00000	 0.00043
0.79229	 0.04223	 0.04806	 813.00000	 0.00000
0.79229	 0.04223	 0.04806	 813.00000	 0.00000
0.70419	 0.03976	 0.04806	 813.00000	 0.00040
0.79229	 0.04411	 0.05043	 813.00000	 0.00085
0.74786	 0.04308	 0.05086	 813.00000	 0.00035
0.79229	 0.04293	 0.04894	 839.00000	 0.00034
0.73608	 0.04065	 0.04806	 907.00000	 0.00058
0.79229	 0.04122	 0.04678	 813.00000	 0.00063
0.80394	 0.03765	 0.04196	 813.00000	 0.00072
0.79229	 0.04223	 0.04806	 670.00000	 0.00036
0.79934	 0.04243	 0.04806	 864.00000	 0.00024
0.79229	 0.04223	 0.04806	 813.00000	 0.00000
0.79229	 0.03496	 0.03888	 782.00000	 0.00015
0.79229	 0.04217	 0.04799	 797.00000	 0.00007
0.79229	 0.04223	 0.04806	 813.00000	 0.00000
0.79229	 0.04473	 0.05121	 817.00000	 0.00056
0.78311	 0.04197	 0.04806	 813.00000	 0.00029
0.79229	 0.04223	 0.04806	 813.00000	 0.00000
0.78726	 0.04209	 0.04806	 813.00000	 0.00000
0.79229	 0.04223	 0.04806	 813.00000	 0.00000
0.77374	 0.04109	 0.04726	 813.00000	 0.00049
0.79229	 0.03953	 0.04465	 813.00000	 0.00069
0.79229	 0.04223	 0.04806	 836.00000	 0.00039
0.79229	 0.04223	 0.04806	 852.00000	 0.00013
0.79229	 0.04223	 0.04806	 813.00000	 0.00000
0.79229	 0.04168	 0.04736	 752.00000	 0.00019
0.79838	 0.04240	 0.04806	 813.00000	 0.00015
0.79229	 0.04223	 0.04806	 813.00000	 0.00000
0.74070	 0.04095	 0.04828	 813.00000	 0.00058
0.79229	 0.04223	 0.04806	 813.00000	 0.00000
0.79229	 0.04223	 0.04806	 813.00000	 0.00000
0.79229	 0.03845	 0.04329	 813.00000	 0.00071
0.80413	 0.04106	 0.04618	 813.00000	 0.00044
0.72700	 0.03694	 0.04330	 813.00000	 0.00062
0.71105	 0.04263	 0.05183	 813.00000	 0.00009
0.75225	 0.04111	 0.04806	 813.00000	 0.00044
0.79229	 0.04479	 0.05129	 813.00000	 0.00047
0.79229	 0.04223	 0.04806	 813.00000	 0.00000
0.79229	 0.04223	 0.04806	 857.00000	 0.00019
0.74335	 0.04086	 0.04806	 834.00000	 0.00064
0.79229	 0.04573	 0.05248	 786.00000	 0.00049
0.79229	 0.04223	 0.04806	 883.00000	 0.00031
0.85658	 0.04349	 0.04742	 813.00000	 0.00030
0.79229	 0.04548	 0.05217	 813.00000	 0.00000
0.79229	 0.04707	 0.05416	 813.00000	 0.00166
0.79229	 0.04223	 0.04806	 813.00000	 0.00000
0.76480	 0.04146	 0.04806	 813.00000	 0.00049
0.79229	 0.04223	 0.04806	 813.00000	 0.00000
0.79229	 0.03987	 0.04508	 767.00000	 0.00011
0.79229	 0.04762	 0.05486	 838.00000	 0.00199
0.90155	 0.04530	 0.04806	 774.00000	 0.00032
0.81341	 0.04591	 0.05185	 813.00000	 0.00022
0.79229	 0.03602	 0.04022	 853.00000	 0.00016
0.79229	 0.04223	 0.04806	 810.00000	 0.00020
0.79229	 0.04223	 0.04806	 813.00000	 0.00000
0.79229	 0.04533	 0.05197	 852.00000	 0.00037
0.79229	 0.04223	 0.04806	 813.00000	 0.00000
0.79229	 0.04223	 0.04806	 731.00000	 0.00026
0.79229	 0.04223	 0.04806	 813.00000	 0.00000
0.76165	 0.04137	 0.04806	 813.00000	 0.00009
0.79229	 0.04223	 0.04806	 813.00000	 0.00000
0.89186	 0.04502	 0.04806	 813.00000	 0.00036
0.79229	 0.04273	 0.04869	 813.00000	 0.00036
0.79229	 0.04461	 0.05106	 813.00000	 0.00054
0.79557	 0.04275	 0.04859	 813.00000	 0.00034
0.78897	 0.04214	 0.04806	 813.00000	 0.00003
0.79229	 0.04575	 0.05250	 813.00000	 0.00045
0.79229	 0.04315	 0.04922	 813.00000	 0.00045
0.79229	 0.03645	 0.04076	 813.00000	 0.00004
0.84712	 0.04377	 0.04806	 809.00000	 0.00083
0.79229	 0.04223	 0.04806	 813.00000	 0.00000
0.79229	 0.04652	 0.05347	 813.00000	 0.00051
0.79229	 0.04051	 0.04588	 805.00000	 0.00068
0.79229	 0.04223	 0.04806	 813.00000	 0.00000
0.86119	 0.04794	 0.05245	 813.00000	 0.00050
0.79229	 0.04223	 0.04806	 813.00000	 0.00000
0.79229	 0.04223	 0.04806	 813.00000	 0.00000
0.79229	 0.03652	 0.04085	 863.00000	 0.00016
0.79229	 0.04223	 0.04806	 879.00000	 0.00017
0.79229	 0.04139	 0.04700	 813.00000	 0.00013
0.82142	 0.04305	 0.04806	 813.00000	 0.00036
0.72943	 0.04047	 0.04806	 813.00000	 0.00052
0.86444	 0.04425	 0.04806	 803.00000	 0.00060
0.79229	 0.04223	 0.04806	 813.00000	 0.00000
0.79229	 0.04223	 0.04806	 813.00000	 0.00000
0.79229	 0.04561	 0.05232	 814.00000	 0.00067
0.79229	 0.04223	 0.04806	 813.00000	 0.00000
0.78209	 0.04140	 0.04736	 813.00000	 0.00013
0.79229	 0.04223	 0.04806	 813.00000	 0.00000
0.79229	 0.04223	 0.04806	 813.00000	 0.00000
0.79229	 0.04223	 0.04806	 813.00000	 0.00000
0.76878	 0.04157	 0.04806	 813.00000	 0.00023
0.79229	 0.04223	 0.04806	 813.00000	 0.00000
0.79229	 0.04223	 0.04806	 813.00000	 0.00000
0.79229	 0.04223	 0.04806	 813.00000	 0.00000
0.79229	 0.03597	 0.04016	 813.00000	 0.00022
0.79229	 0.04223	 0.04806	 813.00000	 0.00000
0.79229	 0.04223	 0.04806	 813.00000	 0.00000
0.79229	 0.04223	 0.04806	 813.00000	 0.00000
0.79229	 0.04223	 0.04806	 813.00000	 0.00000
0.79229	 0.04223	 0.04806	 813.00000	 0.00000
0.79229	 0.04223	 0.04806	 813.00000	 0.00000
0.86497	 0.04427	 0.04806	 813.00000	 0.00065
0.90010	 0.04526	 0.04806	 813.00000	 0.00041
0.79229	 0.04223	 0.04806	 813.00000	 0.00000
0.79229	 0.04223	 0.04806	 766.00000	 0.00027
0.79229	 0.04223	 0.04806	 827.00000	 0.00046
0.79229	 0.04223	 0.04806	 813.00000	 0.00000
0.76065	 0.04134	 0.04806	 856.00000	 0.00016
0.77065	 0.04215	 0.04874	 813.00000	 0.00010
0.79229	 0.04223	 0.04806	 780.00000	 0.00018
0.79229	 0.04213	 0.04793	 813.00000	 0.00018
0.78050	 0.04169	 0.04779	 813.00000	 0.00004
0.79229	 0.04223	 0.04806	 813.00000	 0.00000
0.75086	 0.04107	 0.04806	 806.00000	 0.00000
0.80129	 0.04248	 0.04806	 813.00000	 0.00013
0.76155	 0.04137	 0.04806	 842.00000	 0.00012
0.79229	 0.04223	 0.04806	 813.00000	 0.00000
0.90567	 0.04541	 0.04806	 813.00000	 0.00033
0.91488	 0.04567	 0.04806	 813.00000	 0.00054
0.79229	 0.04223	 0.04806	 813.00000	 0.00000
0.79229	 0.04223	 0.04806	 813.00000	 0.00000
0.85269	 0.04392	 0.04806	 813.00000	 0.00061
0.79229	 0.04138	 0.04698	 813.00000	 0.00020
0.79229	 0.04230	 0.04815	 813.00000	 0.00015
0.79229	 0.04223	 0.04806	 813.00000	 0.00000
0.79229	 0.04223	 0.04806	 863.00000	 0.00013
0.79229	 0.04267	 0.04862	 813.00000	 0.00014
0.79229	 0.04223	 0.04806	 853.00000	 0.00017
0.82814	 0.04324	 0.04806	 813.00000	 0.00039
0.79229	 0.04223	 0.04806	 764.00000	 0.00018
0.79229	 0.04550	 0.05219	 813.00000	 0.00008
0.79229	 0.04223	 0.04806	 813.00000	 0.00000
0.79229	 0.04190	 0.04764	 813.00000	 0.00011
0.64885	 0.03821	 0.04806	 812.00000	 0.00056
0.79229	 0.04223	 0.04806	 813.00000	 0.00000
0.79229	 0.04168	 0.04736	 704.00000	 0.00000
0.79229	 0.04223	 0.04806	 813.00000	 0.00000
0.80975	 0.04267	 0.04800	 813.00000	 0.00029
0.79229	 0.04223	 0.04806	 813.00000	 0.00000
0.74304	 0.03981	 0.04666	 774.00000	 0.00024
0.79229	 0.04238	 0.04825	 809.00000	 0.00012
0.83455	 0.04344	 0.04809	 813.00000	 0.00081
0.79229	 0.04223	 0.04806	 813.00000	 0.00000
0.64861	 0.03820	 0.04806	 813.00000	 0.00041
0.79229	 0.04223	 0.04806	 813.00000	 0.00000
0.79229	 0.04223	 0.04806	 821.00000	 0.00014
0.79229	 0.04223	 0.04806	 768.00000	 0.00013
0.79496	 0.04231	 0.04806	 813.00000	 0.00015
0.79229	 0.04223	 0.04806	 813.00000	 0.00000
0.79229	 0.04204	 0.04782	 813.00000	 0.00019
0.79229	 0.04246	 0.04835	 813.00000	 0.00017
0.79229	 0.04223	 0.04806	 835.00000	 0.00017
0.79229	 0.04235	 0.04820	 813.00000	 0.00015
0.79229	 0.04223	 0.04806	 813.00000	 0.00000
0.79229	 0.04223	 0.04806	 729.00000	 0.00003
0.83759	 0.04350	 0.04806	 813.00000	 0.00058
0.84810	 0.04380	 0.04806	 813.00000	 0.00000
0.79229	 0.04235	 0.04821	 858.00000	 0.00013
0.79229	 0.04223	 0.04806	 813.00000	 0.00000
0.79229	 0.04207	 0.04786	 781.00000	 0.00022
0.67783	 0.03667	 0.04459	 813.00000	 0.00055
0.78545	 0.04059	 0.04621	 813.00000	 0.00057
0.78429	 0.03683	 0.04145	 813.00000	 0.00068
0.80935	 0.04271	 0.04806	 813.00000	 0.00034
0.68733	 0.04040	 0.04969	 888.00000	 0.00056
0.77492	 0.04174	 0.04806	 843.00000	 0.00023
0.76016	 0.04133	 0.04806	 813.00000	 0.00063
0.79229	 0.04223	 0.04806	 899.00000	 0.00018
0.74237	 0.04129	 0.04868	 813.00000	 0.00046
0.79229	 0.04223	 0.04806	 813.00000	 0.00000
0.82020	 0.04471	 0.05013	 813.00000	 0.00067
0.79425	 0.04229	 0.04806	 813.00000	 0.00015
0.79229	 0.04223	 0.04806	 813.00000	 0.00000
0.79229	 0.04223	 0.04806	 813.00000	 0.00000
0.80071	 0.04247	 0.04806	 813.00000	 0.00000
0.79229	 0.04223	 0.04806	 818.00000	 0.00034
0.79229	 0.04223	 0.04806	 813.00000	 0.00000
0.79229	 0.04076	 0.04620	 813.00000	 0.00063
0.79229	 0.04223	 0.04806	 813.00000	 0.00000
0.79229	 0.04223	 0.04806	 813.00000	 0.00000
0.83775	 0.04346	 0.04800	 815.00000	 0.00105
0.79229	 0.04223	 0.04806	 844.00000	 0.00021
0.90879	 0.04550	 0.04806	 813.00000	 0.00060
0.79229	 0.04223	 0.04806	 817.00000	 0.00014
0.72949	 0.04039	 0.04795	 813.00000	 0.00056
0.78248	 0.04195	 0.04806	 831.00000	 0.00014
0.79229	 0.04223	 0.04806	 813.00000	 0.00000
0.79229	 0.04144	 0.04706	 822.00000	 0.00040
0.79229	 0.04223	 0.04806	 852.00000	 0.00013
0.79229	 0.04223	 0.04806	 813.00000	 0.00000
0.79229	 0.04223	 0.04806	 750.00000	 0.00004
0.79229	 0.04016	 0.04544	 813.00000	 0.00059
0.84880	 0.04382	 0.04806	 813.00000	 0.00052
0.79159	 0.04221	 0.04806	 813.00000	 0.00007
0.83489	 0.04280	 0.04730	 796.00000	 0.00040
0.78130	 0.04192	 0.04806	 813.00000	 0.00005
0.79229	 0.04223	 0.04806	 813.00000	 0.00000
0.79229	 0.04223	 0.04806	 813.00000	 0.00000
0.79229	 0.04078	 0.04623	 813.00000	 0.00062
0.79229	 0.04223	 0.04806	 813.00000	 0.00000
0.85828	 0.04408	 0.04806	 727.00000	 0.00009
0.79229	 0.04008	 0.04534	 813.00000	 0.00015
0.79229	 0.04130	 0.04688	 813.00000	 0.00073
0.76265	 0.03709	 0.04241	 813.00000	 0.00073
0.75162	 0.04088	 0.04778	 813.00000	 0.00073
0.66045	 0.03853	 0.04806	 812.00000	 0.00061
0.79229	 0.04440	 0.05080	 813.00000	 0.00061
0.80117	 0.04248	 0.04806	 852.00000	 0.00023
0.79229	 0.04223	 0.04806	 813.00000	 0.00000
0.79229	 0.04223	 0.04806	 813.00000	 0.00000
0.85885	 0.04410	 0.04806	 813.00000	 0.00068
0.79229	 0.04223	 0.04806	 785.00000	 0.00022
0.79229	 0.04223	 0.04806	 813.00000	 0.00000
0.79229	 0.03883	 0.04377	 813.00000	 0.00079
0.96704	 0.04713	 0.04806	 813.00000	 0.00089
0.79229	 0.04223	 0.04806	 838.00000	 0.00000
0.79229	 0.04223	 0.04806	 855.00000	 0.00006
0.79229	 0.04186	 0.04760	 813.00000	 0.00005
0.81293	 0.04281	 0.04806	 813.00000	 0.00036
0.79229	 0.04223	 0.04806	 813.00000	 0.00000
0.79229	 0.04276	 0.04873	 813.00000	 0.00035
0.85166	 0.04427	 0.04849	 807.00000	 0.00076
0.79229	 0.04223	 0.04806	 813.00000	 0.00000
0.84810	 0.04380	 0.04806	 861.00000	 0.00051
0.79229	 0.04223	 0.04806	 848.00000	 0.00012
0.79229	 0.04223	 0.04806	 813.00000	 0.00000
0.68249	 0.03915	 0.04806	 788.00000	 0.00087
0.79229	 0.04223	 0.04806	 792.00000	 0.00001
0.79229	 0.05199	 0.06037	 793.00000	 0.00144
0.79229	 0.04310	 0.04916	 813.00000	 0.00041
0.79229	 0.04169	 0.04737	 696.00000	 0.00023
0.79229	 0.04312	 0.04918	 813.00000	 0.00039
0.80098	 0.04247	 0.04806	 813.00000	 0.00015
0.79202	 0.04222	 0.04806	 846.00000	 0.00031
0.79229	 0.04223	 0.04806	 813.00000	 0.00000
0.79229	 0.04265	 0.04859	 868.00000	 0.00018
0.86069	 0.04442	 0.04837	 787.00000	 0.00072
0.79229	 0.04278	 0.04875	 813.00000	 0.00038
0.79229	 0.04957	 0.05732	 821.00000	 0.00153
0.79229	 0.04223	 0.04806	 892.00000	 0.00022
0.79229	 0.04223	 0.04806	 813.00000	 0.00000
0.81814	 0.04296	 0.04806	 813.00000	 0.00042
0.79229	 0.04223	 0.04806	 813.00000	 0.00000
0.90324	 0.04534	 0.04806	 837.00000	 0.00055
0.84810	 0.04380	 0.04806	 688.00000	 0.00046
0.79229	 0.04425	 0.05061	 813.00000	 0.00062
0.78166	 0.04193	 0.04806	 813.00000	 0.00030
0.84810	 0.04380	 0.04806	 813.00000	 0.00000
0.79229	 0.04402	 0.05032	 858.00000	 0.00053
0.82553	 0.04453	 0.04972	 813.00000	 0.00096
0.85844	 0.04126	 0.04476	 729.00000	 0.00009
0.79229	 0.04223	 0.04806	 807.00000	 0.00012
0.79229	 0.04223	 0.04806	 813.00000	 0.00000
0.79229	 0.04223	 0.04806	 745.00000	 0.00020
0.79229	 0.03971	 0.04488	 813.00000	 0.00040
0.79229	 0.04184	 0.04756	 825.00000	 0.00035
0.79229	 0.04280	 0.04877	 813.00000	 0.00038
0.79229	 0.04223	 0.04806	 813.00000	 0.00000
0.79229	 0.04223	 0.04806	 813.00000	 0.00000
0.79229	 0.04276	 0.04873	 806.00000	 0.00029
0.79229	 0.04282	 0.04880	 813.00000	 0.00038
0.69136	 0.03940	 0.04806	 813.00000	 0.00081
0.79229	 0.04223	 0.04806	 813.00000	 0.00000
0.79229	 0.04223	 0.04806	 813.00000	 0.00000
0.79229	 0.04223	 0.04806	 813.00000	 0.00000
0.76052	 0.04134	 0.04806	 774.00000	 0.00012
0.79229	 0.04223	 0.04806	 813.00000	 0.00000
0.79229	 0.04223	 0.04806	 813.00000	 0.00000
0.79728	 0.04343	 0.04939	 878.00000	 0.00056
0.79229	 0.04668	 0.05368	 813.00000	 0.00055
0.79229	 0.04734	 0.05451	 848.00000	 0.00093
0.79229	 0.04223	 0.04806	 813.00000	 0.00000
0.79229	 0.04223	 0.04806	 839.00000	 0.00007
0.79229	 0.04504	 0.05160	 813.00000	 0.00056
0.79229	 0.04223	 0.04806	 790.00000	 0.00022
0.79229	 0.04223	 0.04806	 851.00000	 0.00017
0.80940	 0.04627	 0.05245	 813.00000	 0.00009
0.84399	 0.04368	 0.04806	 813.00000	 0.00061
0.80071	 0.04247	 0.04806	 839.00000	 0.00002
0.79229	 0.04223	 0.04806	 813.00000	 0.00000
0.80268	 0.04252	 0.04806	 813.00000	 0.00013
0.79229	 0.04187	 0.04760	 813.00000	 0.00005
0.79229	 0.04584	 0.05261	 813.00000	 0.00040
0.77482	 0.04174	 0.04806	 821.00000	 0.00014
0.79229	 0.04223	 0.04806	 894.00000	 0.00029
0.75242	 0.04605	 0.05462	 825.00000	 0.00053
0.79019	 0.03929	 0.04441	 813.00000	 0.00086
0.85020	 0.04386	 0.04806	 813.00000	 0.00049
0.79166	 0.04221	 0.04806	 822.00000	 0.00002
0.86876	 0.04459	 0.04831	 813.00000	 0.00040
0.79229	 0.04118	 0.04673	 743.00000	 0.00086
0.97380	 0.04732	 0.04806	 877.00000	 0.00097
0.79229	 0.04223	 0.04806	 813.00000	 0.00000
0.79229	 0.04223	 0.04806	 813.00000	 0.00000
0.76551	 0.03731	 0.04261	 697.00000	 0.00056
0.84810	 0.04380	 0.04806	 760.00000	 0.00056
0.79229	 0.04223	 0.04806	 813.00000	 0.00000
0.79229	 0.04223	 0.04806	 813.00000	 0.00000
0.79229	 0.04052	 0.04590	 813.00000	 0.00073
0.79229	 0.04223	 0.04806	 813.00000	 0.00000
0.79229	 0.04223	 0.04806	 813.00000	 0.00000
0.78483	 0.04202	 0.04806	 813.00000	 0.00014
0.80071	 0.04247	 0.04806	 974.00000	 0.00022
0.79229	 0.04340	 0.04954	 813.00000	 0.00055
0.73631	 0.04066	 0.04806	 812.00000	 0.00060
0.79229	 0.04345	 0.04960	 924.00000	 0.00056
0.77985	 0.04376	 0.05047	 813.00000	 0.00047
0.79229	 0.04223	 0.04806	 813.00000	 0.00000
0.79229	 0.04223	 0.04806	 833.00000	 0.00016
0.81928	 0.04299	 0.04806	 929.00000	 0.00051
0.79229	 0.04223	 0.04806	 813.00000	 0.00000
0.79229	 0.04223	 0.04806	 813.00000	 0.00000
0.79229	 0.04223	 0.04806	 813.00000	 0.00000
0.72763	 0.04042	 0.04806	 828.00000	 0.00062
0.79229	 0.04223	 0.04806	 813.00000	 0.00000
0.79229	 0.04223	 0.04806	 813.00000	 0.00000
0.79208	 0.04222	 0.04806	 813.00000	 0.00005
0.80092	 0.04247	 0.04806	 813.00000	 0.00002
0.70920	 0.04038	 0.04873	 813.00000	 0.00056
0.79982	 0.04244	 0.04806	 805.00000	 0.00015
0.79229	 0.04213	 0.04793	 813.00000	 0.00003
0.79229	 0.04223	 0.04806	 813.00000	 0.00000
0.79229	 0.04223	 0.04806	 824.00000	 0.00022
0.73276	 0.04056	 0.04806	 859.00000	 0.00064
0.79229	 0.04199	 0.04775	 813.00000	 0.00015
0.84810	 0.04392	 0.04821	 813.00000	 0.00033
0.79229	 0.04096	 0.04645	 813.00000	 0.00060
0.79229	 0.04223	 0.04806	 813.00000	 0.00000
0.79229	 0.03378	 0.03739	 813.00000	 0.00022
0.79787	 0.04239	 0.04806	 795.00000	 0.00026
0.80185	 0.04250	 0.04806	 813.00000	 0.00013
0.76843	 0.04156	 0.04806	 813.00000	 0.00027
0.79229	 0.04223	 0.04806	 839.00000	 0.00007
0.79229	 0.04188	 0.04761	 813.00000	 0.00011
0.79229	 0.04362	 0.04981	 872.00000	 0.00087
0.78251	 0.04196	 0.04806	 813.00000	 0.00028
0.79229	 0.04223	 0.04806	 813.00000	 0.00000
0.77776	 0.04216	 0.04849	 813.00000	 0.00007
0.79229	 0.04187	 0.04760	 813.00000	 0.00004
0.80071	 0.03243	 0.03552	 957.00000	 0.00015
0.83078	 0.04331	 0.04806	 813.00000	 0.00040
0.79229	 0.04223	 0.04806	 813.00000	 0.00000
0.79229	 0.04158	 0.04723	 813.00000	 0.00017
0.79741	 0.04237	 0.04806	 813.00000	 0.00003
0.79229	 0.04223	 0.04806	 789.00000	 0.00008
0.79229	 0.04223	 0.04806	 813.00000	 0.00000
0.75122	 0.04108	 0.04806	 813.00000	 0.00047
0.79229	 0.04223	 0.04806	 813.00000	 0.00000
0.85163	 0.04390	 0.04806	 813.00000	 0.00053
0.78876	 0.04213	 0.04806	 813.00000	 0.00002
0.79229	 0.04223	 0.04806	 863.00000	 0.00013
0.79229	 0.04223	 0.04806	 794.00000	 0.00044
0.74613	 0.04211	 0.04964	 813.00000	 0.00012
0.77599	 0.04575	 0.05318	 813.00000	 0.00037
0.84810	 0.04380	 0.04806	 813.00000	 0.00000
0.79229	 0.04223	 0.04806	 813.00000	 0.00000
0.76972	 0.04136	 0.04775	 789.00000	 0.00052
0.79229	 0.04223	 0.04806	 813.00000	 0.00000
0.79229	 0.04729	 0.05444	 813.00000	 0.00087
0.79229	 0.04223	 0.04806	 806.00000	 0.00053
0.90056	 0.04527	 0.04806	 813.00000	 0.00036
0.83549	 0.04344	 0.04806	 813.00000	 0.00048
0.79229	 0.04612	 0.05297	 813.00000	 0.00029
0.77099	 0.04163	 0.04806	 813.00000	 0.00024
0.80101	 0.04247	 0.04806	 813.00000	 0.00015
0.79199	 0.04222	 0.04806	 791.00000	 0.00013
0.84810	 0.04380	 0.04806	 795.00000	 0.00055
0.79229	 0.04223	 0.04806	 813.00000	 0.00000
0.79229	 0.04223	 0.04806	 776.00000	 0.00029
0.79701	 0.04047	 0.04569	 768.00000	 0.00029
0.81143	 0.04277	 0.04806	 875.00000	 0.00024
0.79229	 0.03797	 0.04268	 813.00000	 0.00056
0.80074	 0.04247	 0.04806	 813.00000	 0.00000
0.79226	 0.04109	 0.04662	 798.00000	 0.00067
0.77394	 0.04172	 0.04806	 813.00000	 0.00001
0.79229	 0.04159	 0.04725	 858.00000	 0.00022
0.78333	 0.04198	 0.04806	 760.00000	 0.00022
0.84494	 0.04426	 0.04872	 813.00000	 0.00065
0.83567	 0.04345	 0.04806	 813.00000	 0.00081
0.84810	 0.04302	 0.04714	 813.00000	 0.00039
0.84839	 0.04380	 0.04806	 813.00000	 0.00053
0.79200	 0.04959	 0.05736	 813.00000	 0.00331
0.79229	 0.04223	 0.04806	 813.00000	 0.00000
0.79229	 0.04223	 0.04806	 813.00000	 0.00000
0.79229	 0.04223	 0.04806	 813.00000	 0.00000
0.79229	 0.04200	 0.04776	 812.00000	 0.00056
0.79229	 0.04387	 0.05013	 789.00000	 0.00081
0.79229	 0.04223	 0.04806	 813.00000	 0.00000
0.79229	 0.03886	 0.04381	 869.00000	 0.00073
0.79229	 0.04144	 0.04706	 805.00000	 0.00003
0.79229	 0.04223	 0.04806	 844.00000	 0.00021
0.79229	 0.04223	 0.04806	 813.00000	 0.00000
0.79229	 0.04328	 0.04938	 813.00000	 0.00043
0.79229	 0.04221	 0.04804	 813.00000	 0.00005
0.79226	 0.04223	 0.04806	 813.00000	 0.00000
0.80074	 0.04247	 0.04806	 806.00000	 0.00014
0.79229	 0.04223	 0.04806	 792.00000	 0.00001
0.79229	 0.04223	 0.04806	 813.00000	 0.00000
0.79428	 0.03923	 0.04421	 813.00000	 0.00065
0.70182	 0.03969	 0.04806	 828.00000	 0.00026
0.81128	 0.04298	 0.04832	 817.00000	 0.00061
0.79229	 0.04223	 0.04806	 813.00000	 0.00000
0.79229	 0.04223	 0.04806	 765.00000	 0.00024
0.83325	 0.04338	 0.04806	 813.00000	 0.00047
0.79229	 0.04223	 0.04806	 813.00000	 0.00000
0.76796	 0.04155	 0.04806	 813.00000	 0.00028
0.79486	 0.04108	 0.04652	 813.00000	 0.00059
0.84554	 0.04372	 0.04806	 813.00000	 0.00076
0.78940	 0.04215	 0.04806	 813.00000	 0.00001
0.79229	 0.04223	 0.04806	 826.00000	 0.00022
0.79291	 0.04225	 0.04806	 813.00000	 0.00019
0.83003	 0.04329	 0.04806	 813.00000	 0.00040
0.80071	 0.04172	 0.04713	 813.00000	 0.00005
0.79229	 0.04223	 0.04806	 813.00000	 0.00000
0.88484	 0.04483	 0.04806	 813.00000	 0.00049
0.75585	 0.04121	 0.04806	 797.00000	 0.00047
0.84656	 0.04375	 0.04806	 813.00000	 0.00047
0.79129	 0.04220	 0.04806	 813.00000	 0.00005
0.79229	 0.04467	 0.05113	 813.00000	 0.00056
0.84646	 0.04311	 0.04730	 813.00000	 0.00044
0.82473	 0.04581	 0.05130	 680.00000	 0.00044
0.79229	 0.04039	 0.04573	 781.00000	 0.00069
0.80074	 0.04247	 0.04806	 813.00000	 0.00000
0.83831	 0.04585	 0.05084	 795.00000	 0.00050
0.87072	 0.04290	 0.04630	 917.00000	 0.00042
0.79229	 0.04223	 0.04806	 813.00000	 0.00000
0.79229	 0.04821	 0.05560	 957.00000	 0.00000
0.79229	 0.04314	 0.04921	 813.00000	 0.00041
0.79229	 0.04223	 0.04806	 813.00000	 0.00000
0.80074	 0.04429	 0.05033	 813.00000	 0.00062
0.79229	 0.03800	 0.04271	 813.00000	 0.00064
0.79229	 0.04223	 0.04806	 813.00000	 0.00000
0.79309	 0.04225	 0.04806	 813.00000	 0.00015
0.79229	 0.04223	 0.04806	 795.00000	 0.00004
0.79229	 0.04223	 0.04806	 813.00000	 0.00000
0.78880	 0.04304	 0.04921	 830.00000	 0.00035
0.79229	 0.04565	 0.05237	 813.00000	 0.00035
0.79229	 0.04297	 0.04899	 813.00000	 0.00032
0.80199	 0.04250	 0.04806	 813.00000	 0.00011
0.84866	 0.04833	 0.05338	 813.00000	 0.00115
0.81007	 0.04286	 0.04822	 813.00000	 0.00047
0.79229	 0.04471	 0.05119	 848.00000	 0.00025
0.80472	 0.04240	 0.04784	 813.00000	 0.00003
0.79229	 0.04221	 0.04803	 813.00000	 0.00005
0.79061	 0.04218	 0.04806	 786.00000	 0.00022
0.88985	 0.04497	 0.04806	 813.00000	 0.00048
0.68316	 0.03917	 0.04806	 670.00000	 0.00071
0.80109	 0.04248	 0.04806	 813.00000	 0.00013
0.79229	 0.04223	 0.04806	 813.00000	 0.00000
0.79229	 0.04223	 0.04806	 813.00000	 0.00000
0.79229	 0.04156	 0.04722	 813.00000	 0.00018
0.93076	 0.04215	 0.04380	 773.00000	 0.00049
0.79229	 0.04223	 0.04806	 813.00000	 0.00000
0.79229	 0.04223	 0.04806	 810.00000	 0.00020
0.83448	 0.04338	 0.04802	 813.00000	 0.00047
0.79229	 0.04223	 0.04806	 807.00000	 0.00012
0.78931	 0.04215	 0.04806	 813.00000	 0.00001
0.79083	 0.04531	 0.05201	 813.00000	 0.00055
0.79229	 0.04047	 0.04584	 813.00000	 0.00067
0.75750	 0.04065	 0.04726	 813.00000	 0.00066
0.75163	 0.04109	 0.04806	 813.00000	 0.00041
0.80071	 0.04247	 0.04806	 813.00000	 0.00000
0.76422	 0.04144	 0.04806	 764.00000	 0.00001
0.79229	 0.04223	 0.04806	 813.00000	 0.00000
0.80074	 0.04247	 0.04806	 750.00000	 0.00003
0.86914	 0.04439	 0.04806	 813.00000	 0.00061
0.79062	 0.04532	 0.05203	 754.00000	 0.00007
0.72994	 0.04139	 0.04930	 655.00000	 0.00029
0.77294	 0.04169	 0.04806	 813.00000	 0.00001
0.71001	 0.03803	 0.04540	 876.00000	 0.00055
0.79229	 0.04223	 0.04806	 813.00000	 0.00000
0.79229	 0.04223	 0.04806	 813.00000	 0.00000
0.79229	 0.04263	 0.04856	 813.00000	 0.00001
0.79229	 0.04690	 0.05395	 783.00000	 0.00101
0.79229	 0.04490	 0.05143	 813.00000	 0.00135
0.79229	 0.04007	 0.04533	 728.00000	 0.00017
0.79134	 0.04220	 0.04806	 813.00000	 0.00005
0.82179	 0.04097	 0.04552	 813.00000	 0.00071
0.79233	 0.04223	 0.04806	 813.00000	 0.00000
0.80070	 0.04247	 0.04806	 823.00000	 0.00031
0.75326	 0.03925	 0.04555	 813.00000	 0.00096
0.76885	 0.04707	 0.05520	 763.00000	 0.00147
0.80119	 0.04248	 0.04806	 813.00000	 0.00013
0.84762	 0.04378	 0.04806	 821.00000	 0.00024
0.79229	 0.04223	 0.04806	 813.00000	 0.00000
0.65260	 0.03831	 0.04806	 707.00000	 0.00055
0.84810	 0.04403	 0.04833	 813.00000	 0.00053
0.79229	 0.04405	 0.05036	 813.00000	 0.00084
0.79229	 0.04223	 0.04806	 800.00000	 0.00033
0.81005	 0.04273	 0.04806	 813.00000	 0.00034
0.79220	 0.04223	 0.04806	 845.00000	 0.00022
0.80080	 0.03930	 0.04411	 813.00000	 0.00071
0.84810	 0.04372	 0.04796	 791.00000	 0.00081
0.79229	 0.03836	 0.04318	 813.00000	 0.00073
0.79229	 0.04394	 0.05022	 813.00000	 0.00083
0.79229	 0.04223	 0.04806	 813.00000	 0.00000
0.78537	 0.04204	 0.04806	 822.00000	 0.00021
0.85015	 0.04385	 0.04806	 813.00000	 0.00049
0.79229	 0.04951	 0.05724	 861.00000	 0.00125
0.79229	 0.04106	 0.04659	 841.00000	 0.00079
0.80151	 0.04249	 0.04806	 813.00000	 0.00013
0.83670	 0.04348	 0.04806	 812.00000	 0.00082
0.79229	 0.04223	 0.04806	 791.00000	 0.00012
0.80074	 0.04247	 0.04806	 813.00000	 0.00000
0.80077	 0.04247	 0.04806	 813.00000	 0.00000
0.79223	 0.04223	 0.04806	 813.00000	 0.00004
0.80074	 0.04415	 0.05016	 831.00000	 0.00069
0.84810	 0.04463	 0.04905	 813.00000	 0.00053
0.78093	 0.04191	 0.04806	 813.00000	 0.00005
0.79229	 0.04223	 0.04806	 813.00000	 0.00000
0.80124	 0.04101	 0.04622	 813.00000	 0.00000
0.79176	 0.04222	 0.04806	 813.00000	 0.00007
0.75586	 0.04121	 0.04806	 813.00000	 0.00041
0.79229	 0.03970	 0.04487	 836.00000	 0.00059
0.79229	 0.04223	 0.04806	 788.00000	 0.00029
0.96039	 0.04695	 0.04806	 813.00000	 0.00102
0.79229	 0.04075	 0.04619	 813.00000	 0.00063
0.79229	 0.04223	 0.04806	 813.00000	 0.00000
0.84692	 0.04376	 0.04806	 813.00000	 0.00004
0.79347	 0.04226	 0.04806	 813.00000	 0.00016
0.79229	 0.04227	 0.04811	 813.00000	 0.00016
0.87940	 0.04467	 0.04806	 813.00000	 0.00049
0.79229	 0.04223	 0.04806	 813.00000	 0.00000
0.79229	 0.04223	 0.04806	 750.00000	 0.00004
0.70078	 0.03836	 0.04620	 813.00000	 0.00047
0.79229	 0.04223	 0.04806	 813.00000	 0.00000
